1000
683
389
672
916
827
65
485
964
529
790
342
861
513
495
397
817
786
738
620
534
434
234
517
629
586
801
236
998
276
873
854
557
89
188
770
835
631
782
75
355
402
177
247
777
969
292
988
997
589
933
97
882
578
101
657
458
556
126
906
214
910
581
857
850
848
215
359
226
449
100
181
206
547
909
512
881
959
595
684
96
908
559
386
844
201
958
279
574
649
72
554
228
562
510
179
619
708
43
337
444
915
26
159
808
203
860
723
990
641
751
787
171
320
635
193
640
637
329
151
411
704
242
740
250
55
872
548
940
626
46
979
450
757
716
490
483
21
149
166
155
307
423
67
653
588
178
219
538
94
545
573
294
319
88
793
678
920
432
899
259
113
264
800
334
360
418
114
453
80
794
137
965
658
172
277
10
162
695
305
392
820
799
858
275
165
9
182
593
553
61
628
122
378
725
669
760
412
505
16
937
702
745
340
167
630
440
918
260
367
730
95
686
40
489
308
298
185
585
901
943
465
327
660
109
120
580
711
217
720
892
195
819
23
454
623
803
482
729
433
871
394
544
809
691
885
339
785
713
705
115
923
351
84
869
976
514
970
839
322
262
779
210
24
390
224
840
196
160
504
323
734
668
550
332
813
838
911
825
552
140
448
428
451
295
851
666
673
498
614
481
341
343
823
830
613
239
11
39
199
802
710
202
599
898
15
309
963
254
609
447
472
431
752
756
907
170
324
616
728
157
560
532
795
989
690
890
639
41
941
761
484
406
58
410
286
321
927
645
582
622
764
66
143
106
116
675
93
591
183
19
175
446
914
245
763
942
191
82
255
671
525
209
384
70
20
83
220
530
625
405
338
652
325
903
138
865
492
880
377
539
569
537
333
430
29
853
594
112
221
471
231
285
375
372
946
207
519
473
486
762
227
558
22
696
123
146
670
982
524
200
25
646
379
656
984
755
391
650
291
267
212
681
158
596
211
797
765
130
69
951
986
476
834
939
456
541
855
297
282
102
189
30
664
811
667
257
135
527
107
551
680
769
56
592
974
357
577
38
413
104
493
508
540
966
301
737
887
6
921
2
261
31
86
3
697
511
420
766
689
515
141
692
600
555
382
362
724
602
194
846
186
373
543
643
659
174
347
208
687
859
698
744
563
494
27
919
773
173
349
719
994
842
791
331
302
479
732
775
303
125
253
474
788
414
523
889
771
836
358
682
995
438
284
17
32
371
0
902
457
304
326
700
962
694
605
198
73
612
938
717
603
878
7
51
281
944
105
299
12
246
232
117
972
350
369
99
439
64
754
316
460
222
400
272
388
5
634
522
376
427
598
804
91
148
248
983
404
353
576
488
190
759
317
313
875
132
812
749
63
480
229
987
4
636
767
606
867
722
278
642
746
741
111
996
161
648
42
703
328
587
53
583
76
701
570
110
618
18
187
268
129
1
280
753
706
241
521
978
780
726
879
679
436
136
928
121
814
662
47
973
81
886
624
632
874
142
948
955
952
363
567
792
244
954
789
975
876
621
784
368
936
821
967
437
796
768
615
601
931
344
348
924
824
896
685
891
74
733
366
468
270
905
464
44
50
318
566
365
45
118
409
466
48
992
154
693
424
633
441
395
478
718
461
273
364
999
893
496
153
314
87
897
565
863
815
288
981
37
736
380
152
663
59
78
837
312
638
748
806
491
184
134
798
274
352
608
470
381
502
180
396
315
506
237
77
13
290
417
568
169
526
416
533
617
269
877
218
528
721
263
778
677
947
235
421
266
422
993
385
847
822
900
310
949
150
516
611
223
971
507
249
912
536
14
864
590
85
36
119
383
828
500
98
452
256
607
932
651
233
54
644
712
934
258
743
463
571
843
501
216
845
894
108
833
144
127
435
419
361
852
401
655
163
945
124
164
776
654
714
831
709
781
579
133
35
79
917
393
922
731
346
345
561
103
243
68
707
52
572
283
862
497
676
518
991
750
772
699
841
816
968
956
92
499
783
33
429
953
604
564
240
929
415
849
832
904
980
156
296
926
147
742
950
957
230
960
520
805
335
60
442
407
935
475
252
62
487
895
238
330
34
265
192
213
735
311
930
459
131
758
28
866
531
739
71
610
293
674
747
810
205
145
354
977
251
399
455
370
403
597
883
356
306
300
477
549
204
443
542
647
884
826
774
985
128
425
271
467
139
546
913
688
870
168
49
287
575
387
888
225
627
57
426
818
925
856
661
445
8
829
336
868
584
961
374
665
469
807
535
289
509
408
462
197
398
90
727
715
503
176