10000
5584
8556
8142
8107
724
2340
1125
5734
2280
9046
1143
6118
6206
7492
7494
8563
3953
3036
173
4814
1599
2302
160
2111
7850
1175
8137
388
2619
5863
6386
8441
6170
5783
7968
2896
8015
7125
4088
8463
7773
3275
9961
3177
7890
8937
9189
8686
648
6417
5680
5412
1554
9164
8165
3848
7724
5878
2101
7108
6777
12
5359
4097
7844
2402
320
1418
4472
9889
6129
8440
1394
6017
9171
3826
2115
6270
3893
6522
3559
6957
3337
5564
8545
5771
1947
2555
1424
4646
1686
4051
181
1515
2591
7650
4091
8901
43
7866
2386
3880
8659
9247
6473
1993
854
3236
5118
2106
7667
9839
4938
8921
8146
1321
7164
2119
8631
2175
5923
1909
4666
1406
6496
2565
4158
6109
8768
3807
2824
9381
6667
5159
9281
9496
4995
5172
5003
6011
1498
2576
7649
7905
3072
4563
1422
9629
5941
5915
5475
8591
1542
684
9879
752
8465
211
7089
1562
5106
3340
2225
1776
9647
6605
20
995
5205
338
7758
9754
7837
9751
5658
4969
4365
3105
4746
7867
5537
5389
819
7098
8850
9819
7580
3987
7507
5444
2240
3144
3239
47
3598
1356
2353
5659
4793
7997
4000
1096
9194
8490
6918
2204
3151
5960
9024
2589
2550
1582
1657
3209
8874
174
7480
8910
3642
5822
1860
5238
564
7976
8432
727
298
6392
5423
7611
984
9670
8581
5438
1822
9812
7100
2968
5186
3599
1994
881
8008
6246
2174
9567
6214
2668
586
7587
9275
1166
8185
2816
5206
5944
1873
5034
3389
6465
8915
525
3195
8429
5558
909
7326
590
3037
3264
4081
1911
9382
5405
3079
2243
6347
1508
4663
6563
9388
5699
9686
1632
6552
4994
6860
5342
7124
3661
8870
7617
7760
9599
4312
7749
278
2483
9414
2608
355
9438
5803
5382
3565
7797
8246
725
3735
2821
740
9788
5721
3812
9128
4210
9541
1248
5718
6641
5615
3296
9744
8598
6099
1031
2447
9062
8708
4955
9255
838
5273
1168
9734
4948
6119
9653
1037
3973
2572
1250
1894
3943
8044
4366
1939
698
8741
9099
4098
9424
1243
5504
9298
2716
6279
2984
7381
3841
3692
6255
6662
6428
6400
9814
2407
3169
440
848
4153
5040
5707
6574
9758
2846
4105
4744
9581
8751
7401
1221
7485
6507
9063
6112
5407
4503
3740
3738
4128
4944
7730
5806
7676
5139
4122
8782
9432
1303
198
8257
3939
5530
7934
3192
4194
6536
7823
737
9002
8722
981
3839
3464
3837
3080
1671
5731
9399
3398
7466
1377
5013
3562
4949
6316
7405
3651
1274
6634
61
8105
6027
3533
8785
2279
1883
1871
9716
5906
5322
5688
3910
6793
9442
7660
625
8693
6539
7609
5907
9755
2467
2179
4707
6996
3832
7658
6061
4682
662
3443
7349
8120
7802
5367
3091
3201
3445
9085
755
7311
1881
6532
8575
1330
2496
1904
2032
5455
6592
9713
2522
2424
1887
5744
7498
9810
8636
1595
277
4278
5838
2427
8386
7766
4479
9028
1841
8204
4641
4214
4083
2913
6907
6234
8083
5214
1442
9300
3928
9561
2464
5425
7387
1898
3820
3964
8606
8353
7234
2687
1702
3172
4061
8060
878
9668
324
2669
9497
5433
6446
8775
4436
8256
8178
6095
9601
5802
658
8326
1016
5690
3301
3714
639
4296
7963
8971
9029
1579
8050
4554
6818
7909
2976
6909
2167
1746
4961
5275
8859
7360
7014
1716
3102
6565
8071
7484
7111
4548
3530
6442
2671
8977
4052
6934
6823
367
7731
6782
1310
8114
5127
3574
6348
2795
3576
3539
2545
7499
1641
4844
1628
6110
2366
7822
9917
5627
8765
1184
3634
5550
4742
8697
4817
1266
9594
1446
8501
3612
1200
1352
1312
1665
9508
9946
7929
2184
5710
518
9240
3082
8542
9288
1619
6710
1119
2227
4461
645
5927
7682
7103
2616
6920
3465
3870
968
682
4789
8557
3494
1977
7836
1372
4518
496
7550
1082
3189
4261
6694
6837
96
4681
9446
7345
5655
9730
1565
7123
6869
2460
4893
3129
5244
799
7551
6678
2912
4919
3223
9800
8593
8199
6478
286
8082
8213
524
7032
8725
6379
9327
902
870
1232
6164
2529
4343
8349
1060
7173
403
9620
841
5965
1074
2637
910
9783
7181
7416
4815
2235
7509
3312
1084
4410
5081
9969
8334
2762
5921
8712
1246
3851
8047
3067
219
8400
791
8897
6207
6663
9824
9480
7359
9520
7169
2307
529
8494
8628
4601
2085
5248
4265
7995
8986
4882
3983
4662
5348
9632
3686
1804
1561
5020
4452
6561
267
7871
8984
1662
8864
7414
8657
1428
9872
4798
5212
3551
8644
6174
7249
4488
7399
9119
5741
5845
8518
3922
9284
6480
1661
3488
1637
4509
9241
9115
8883
3632
4438
7735
2494
3060
4142
5484
1914
8369
6113
6253
6018
1893
6628
5507
7783
8404
2352
4659
5162
9706
8171
1902
6365
1094
1650
4151
4654
3691
4910
5008
636
2166
4526
8292
5411
7319
5351
9481
5174
7804
4661
7670
6308
2072
4605
8574
7213
2311
7137
4037
9474
8740
6281
5381
5085
7004
5541
8164
3991
7768
6366
6414
613
2518
2718
4423
4288
2664
1039
8836
53
8625
6076
4984
9764
5625
1203
6258
735
3182
9315
2066
2355
6904
4896
3794
8234
6755
8023
8223
8235
220
3757
4726
4289
8276
1483
654
543
5439
4769
4285
1132
919
540
9464
7544
3007
1121
997
8990
6286
5514
1622
2602
6763
4863
6916
9095
3081
3767
223
7252
7195
6397
7244
5302
1439
3121
1188
2653
7493
4810
251
544
3603
3115
4774
8196
6029
6238
5882
7526
459
3671
9237
2765
3052
9855
8076
9667
2350
3786
826
4189
6646
4590
3190
6223
2911
978
8508
2772
2611
4388
2038
5552
2627
972
962
9490
1740
4284
7882
4367
2631
3799
6882
4062
2613
1757
4432
2693
390
5790
6702
7862
6188
9170
8222
1828
8803
5471
2515
6227
2902
1526
6814
1502
4612
6707
7868
7114
7661
383
7297
6606
757
7790
2937
3581
8582
8677
3827
4511
9181
3981
7686
3584
6103
2926
9971
7840
113
9992
3485
908
5256
9775
9770
913
100
7603
1412
3528
9277
617
6585
4690
4845
7693
3697
7784
4237
8367
6942
1698
462
5982
9553
8809
1988
8985
6718
8295
7924
1117
921
859
6963
9112
6060
2069
9384
1196
8608
7413
9521
7363
5391
4908
9092
7262
4838
9400
9264
75
316
2120
6828
341
5350
697
9391
6747
9303
5529
2084
5091
5818
6852
9654
7021
8049
8477
5976
360
434
7947
8395
311
2443
1996
2264
3187
941
7597
6349
5593
7258
818
7988
8991
4604
5913
6198
3687
9997
3711
6913
1723
3482
8706
7891
9785
1500
5548
9032
8702
2834
7333
2774
1603
275
3532
4766
6741
5326
8525
953
6706
8183
2215
3519
9838
2273
3154
4684
3138
5492
8377
2885
4485
9656
7122
4847
2991
2752
7974
2665
8437
1035
7652
9123
7563
484
1000
5177
9209
9818
1778
9427
1866
7183
9683
7222
7583
4752
4206
5310
9366
2895
9242
6976
3503
2455
5631
940
4338
9596
2854
4679
4725
9305
9727
1682
1744
9137
8651
8017
3635
3179
3450
7632
8003
9929
7785
6895
2648
7038
9246
8408
2837
7699
6883
9256
2378
9141
6829
3970
3640
2295
9447
5583
5483
4532
9940
2099
8166
3605
876
9703
5930
3795
4345
750
1531
8630
1832
2322
3889
1935
1260
6447
4228
3749
3261
9854
777
4691
8769
787
4198
4871
857
4320
1543
8683
4349
1999
9947
7392
3469
1455
6263
1774
7215
2349
2643
1793
5112
6745
9506
840
7199
164
9336
4344
1786
6243
5773
6504
6683
9732
9054
8027
5067
6376
6642
7966
8672
6318
8307
8674
4614
5920
2104
6915
594
7861
1884
604
2266
1022
9363
1838
2456
2481
1228
1802
3148
4256
1382
7203
3281
1105
294
1748
29
3334
8416
6486
57
3104
85
8862
734
4301
5077
8331
8210
1449
3876
5506
4729
1093
2802
4555
3941
8098
8227
2125
4029
4959
144
7263
9224
2191
6216
8147
7786
7176
7873
6999
6843
7712
5588
4579
8119
7042
9385
8456
3788
6138
4939
2471
2163
9866
8487
8600
2040
7238
1643
8517
2919
7920
5395
7961
4630
8407
3362
8720
9073
3479
1753
6107
1667
907
5171
756
4162
549
7522
4763
7500
5474
6632
5867
9852
6787
3233
1002
9544
5028
6728
6144
8364
7834
4164
8285
5058
4391
5277
5952
1951
3874
9089
5353
9625
481
7537
3106
4824
5782
491
3139
499
689
7144
3273
2666
5547
9606
6669
5751
1624
87
701
9076
1761
2272
680
1079
3158
116
8087
4119
282
657
3736
9768
3765
7406
7562
6378
5448
3854
230
2073
3624
5009
2721
3430
8558
9589
9911
4591
2552
3164
5332
904
7618
4
1488
1122
9847
6028
4464
6498
1193
2201
6078
2463
3012
4456
3891
2526
4846
6229
4916
3033
864
6954
5262
6328
8621
3805
4314
3934
9669
4966
4926
5874
674
2411
7672
4636
156
4145
621
6380
3555
3616
290
8186
1034
4736
6911
7071
185
6690
6827
6276
4431
5239
3748
9138
3357
8880
4274
1364
5059
4059
1649
5914
2766
7674
2805
1920
5522
7245
4387
9995
8816
3909
1261
8081
9380
9517
2740
9017
704
5816
461
259
9094
7681
1633
1113
5454
8001
8622
9591
4982
4533
7078
4923
6743
312
5616
7936
828
8784
6326
3351
3356
2229
3589
9643
5053
3448
186
5603
190
2361
5641
7956
7799
1317
6336
3059
2685
8300
6830
5223
2698
8243
6938
4843
1242
4451
8462
6384
9908
3713
6338
7848
4640
3268
9836
4696
5950
9053
7529
7753
9901
4628
5228
3512
4038
6033
80
1021
6156
4239
3706
4734
5252
410
2113
6094
7268
9457
8127
5144
3618
5961
2012
8443
2676
8792
8298
1257
2253
5898
1236
8554
4034
7845
3406
3666
796
5549
773
2140
1225
7695
3497
3685
4124
4403
4552
2849
8135
8293
5427
4785
9041
6157
8244
9598
8019
5431
3378
3499
1281
1903
2
9684
1785
9882
6038
4070
8566
6870
4519
1426
8781
9846
8409
1691
3763
7521
8055
5375
183
6544
3442
8249
3377
5449
9118
7020
8920
2939
7339
9711
7722
9268
4738
9811
1007
4428
7941
7853
4123
7519
2715
4063
4723
9965
6821
6137
6357
8489
9390
22
5398
6849
6202
2238
6179
3916
6937
2282
6656
3705
3353
55
563
1701
6802
958
7273
5756
638
145
9587
1150
7024
3914
5677
9860
6265
8035
7651
7299
699
5493
6314
9056
975
7964
8763
9320
1601
2813
6686
8750
6390
2020
3998
5692
8403
4042
421
7677
3653
2367
6458
8068
8736
9968
6063
3659
9685
3712
2702
265
8245
8122
3626
5768
7219
5715
7081
387
6664
5478
5202
2924
2726
3248
2313
4656
4229
966
4102
6535
3013
2495
6697
2153
8175
4409
8935
6956
7955
9190
8673
1625
7289
4413
3124
4213
6272
8061
3051
1316
3326
485
887
5513
9169
7091
769
6013
6854
7191
509
5834
1895
650
4545
4809
8580
391
2285
8113
9426
816
6426
2231
9682
240
5697
7883
9574
2722
5809
3218
9920
9747
3319
3563
1158
4516
7483
6700
4281
3440
6491
1
4818
5895
8825
6165
1061
5219
358
1679
5052
3495
9177
7367
187
5255
6317
261
545
2893
6177
2553
4606
3426
6950
9985
1557
1263
5451
9535
7718
2399
3410
618
8094
6978
4999
7937
452
2654
9821
9525
5544
1001
4496
200
3726
867
5815
8093
6770
5317
5419
2728
4573
9069
5447
7362
9797
948
404
3118
6371
5151
2681
4501
2803
6722
4852
343
9874
2638
504
903
2472
4484
6001
3028
6604
5647
9988
9712
9913
659
233
9059
7018
2990
860
5850
4015
3780
5778
1544
6418
1536
393
9843
4046
2907
3185
3750
8195
2935
2655
2469
905
3240
9660
2571
3393
8248
2964
7539
93
1089
1989
3299
4767
6789
4807
6244
5366
3114
6861
8389
8595
1580
4585
9827
3672
5023
5759
2541
9207
7133
3701
3110
3754
6274
3343
1514
2735
3524
5122
3814
3452
3368
3202
1009
2224
2579
8875
8390
4737
4648
2959
863
6866
829
2450
8748
2779
6054
1271
744
8810
1478
5864
5323
1452
3094
2588
8191
7136
8943
8637
6325
512
8791
1826
9272
3374
6943
3163
437
8401
3250
1172
692
9453
8913
6141
4909
1004
2584
1797
1629
2154
402
610
3784
8695
8840
6341
3143
9318
6015
2394
3214
4705
9885
3039
4385
8423
882
5063
2689
8194
3361
1460
4179
3545
2828
4992
8103
6147
9651
8888
2622
4582
3349
4138
5180
1053
9666
6598
6967
2934
5594
6149
492
8930
7372
7518
7255
307
3650
4419
4238
4907
3292
1046
2211
5114
8381
8238
7079
5630
4660
8067
4834
7440
9512
8947
6508
9443
4853
9646
332
2833
1346
9787
7241
6681
3864
3798
6476
8328
5733
942
2778
2426
2869
4103
9174
4357
1441
6232
2871
7782
2451
5181
6994
5937
9483
4799
8570
2614
2007
5580
6626
5163
8064
605
3473
2183
6740
8979
3919
5196
2479
4821
5334
1889
4373
1308
7820
5804
2057
2041
3631
8989
6783
8821
5785
8155
7857
5430
4315
5027
8063
8586
3364
3606
4483
3044
1885
339
2257
3511
3388
4795
5265
5876
8469
2742
1922
5883
5457
6725
9437
2507
8941
786
4220
5532
2249
6505
486
700
7717
809
5097
6974
3382
7471
5903
114
5929
5571
2807
1194
2815
5779
4616
6329
4688
5821
1010
5084
7986
5158
8771
2062
7084
5386
2794
4920
5645
7914
8351
4272
1011
1669
3431
7214
9894
1186
7267
2217
8578
2199
5061
814
5101
3295
7134
8188
5551
9159
4223
2872
4283
1886
5608
2442
3800
5971
9176
136
8847
3878
6693
4901
7479
6975
9316
8867
7291
508
5251
8025
5388
9979
7364
643
8229
2916
6178
7614
3038
4965
7232
7325
7506
3709
4502
9223
4960
7701
3764
4260
7541
2053
7253
4178
2678
6930
1148
9925
8858
587
8819
3413
6277
5307
363
2485
4775
1952
9449
7876
5935
5629
1315
7945
8398
3418
2260
9936
7473
6023
9580
2081
6666
6247
7575
2957
5227
1635
575
7453
1849
8123
937
2810
465
8583
3918
2214
4006
4991
7476
6629
4510
1116
4934
7859
8445
7298
7055
1417
9534
9232
5860
5805
9803
1055
4136
8902
2880
3675
1399
2503
346
4310
6139
2875
3417
8151
8273
9340
1992
1578
4904
7069
1145
4117
3329
3294
1517
4199
1787
7061
8453
3972
3399
9564
5401
42
4687
1049
4762
7637
5777
8824
6007
5490
1503
2028
530
3688
8062
9487
6037
1574
7757
9100
5623
1592
4187
5870
5285
296
1296
5652
2562
9583
3582
4522
8646
4706
6611
7179
4884
8428
1812
3470
7013
986
9539
1596
7261
7461
2755
1831
6774
8573
1289
4007
970
6383
306
3806
7425
3238
326
345
7781
9039
3305
88
9987
2932
5043
6736
3510
9406
5696
4441
5497
2193
4872
6488
7312
2475
6079
455
213
4197
7159
652
9377
9741
9616
147
2786
4104
2462
5964
2169
3552
9302
9562
7101
90
670
3302
3541
6929
249
7604
7170
4922
8373
3116
9064
8603
3537
868
7927
35
9663
5149
1816
3853
8890
1697
9007
3405
7568
3145
3734
5079
7516
9891
5519
9895
1584
15
8691
1814
7126
4486
2234
6892
8286
424
5520
2006
252
8849
9771
1726
6331
7417
2992
7482
1013
5116
3557
1713
875
4204
9221
6901
5012
7872
2952
8922
2056
6615
6050
5297
103
6523
6537
9798
2962
7648
471
6806
8544
2850
4558
4039
5135
1655
8079
97
6567
5872
9575
9309
7901
1529
3101
9723
9881
9035
522
7455
9707
3003
789
2178
4389
8719
5758
449
9421
3288
7903
1092
8843
8283
4454
5154
9593
8618
6257
4445
6914
2165
8723
2248
66
8141
5668
2835
669
124
7629
7105
935
2708
7874
8766
1705
4695
4613
1067
4443
977
260
6677
3235
3186
9509
5570
7808
1476
2392
2336
7475
2979
873
7798
122
9563
6541
27
7881
3478
1590
8471
4455
9531
1969
5140
5121
2532
9378
376
3050
9592
9809
6440
2220
297
2123
6192
6439
8743
9773
161
6429
6205
9157
1717
3089
1141
14
3107
7559
2955
6768
2223
8449
7702
5582
3585
5934
8675
5115
785
9627
1307
255
3809
5109
1527
2441
1466
5775
6791
3733
6761
2534
8669
6738
472
5274
2148
8239
7180
2130
7869
6041
9372
949
5967
4602
8193
4264
5977
3896
2363
3493
2634
7888
4568
1391
6786
301
5998
607
6358
8109
817
6093
6209
4044
9495
8605
5456
3550
7427
6393
498
2870
5270
4733
9849
2564
134
2137
6876
2981
9624
7829
1913
4248
6767
4477
3133
9603
7057
6586
833
6844
4067
3619
7490
9376
5871
2086
3836
2860
8931
1784
4363
6073
6601
5463
2556
4375
2298
9231
5597
2904
3525
9402
6035
9939
7817
6597
8796
9851
8313
6020
9210
6506
2408
7623
513
8128
3580
9440
1672
5757
155
3977
746
9905
5642
2941
4262
5770
9042
171
714
9957
8357
9153
7531
4753
4540
1949
3355
979
9710
56
8197
6075
5280
896
5489
7160
8330
2189
9329
6657
6399
3517
9919
5189
5610
4958
5891
1571
6083
4973
2337
741
3882
1392
6261
6689
8252
5146
7590
1361
1111
9352
5132
6575
5257
8366
3088
6564
4169
6404
2439
2520
4406
1205
7365
7391
9373
3810
616
4768
5343
416
4732
736
5535
5833
2719
6403
1138
1492
7607
560
1507
2379
8839
8484
6350
3229
4011
4225
8753
7547
4803
5295
2701
6296
9108
820
5303
347
1585
2060
2376
4514
8207
8102
6875
7761
3093
5304
4163
547
6589
7307
3255
7502
2190
5656
4328
4191
9982
2088
9655
2089
7737
5657
8778
254
7404
6558
8882
2216
8649
3420
6055
7787
6578
2612
3957
1127
9935
1277
3604
1475
1467
6342
6315
4520
9168
5119
608
9725
4467
9335
8218
2043
76
3753
5518
5926
687
3817
8817
9079
2270
8385
349
8767
4874
8951
3596
1461
8952
7062
653
8478
7755
6224
5663
4756
4989
6450
7657
6554
2647
9149
7810
5289
6899
846
4004
8358
3359
7153
7292
8794
5160
1402
4165
9883
1137
5626
2083
7373
5591
1848
4859
2974
1678
1170
5403
3324
1504
9676
6799
4979
7143
5481
9387
6311
5460
5038
3597
4012
3309
6415
9470
2067
3099
246
1192
858
2230
6687
5889
2328
1538
5543
6977
731
17
9429
3968
328
3553
1465
1986
7943
2157
9072
5807
9282
4376
9772
7838
535
5508
8086
1559
4720
3947
8617
8297
7044
4758
3627
3948
1480
9584
4309
8043
7771
3982
7759
8078
6493
8009
4035
5675
4890
4340
4087
2542
3458
9559
2945
405
3531
5661
7193
146
3024
8052
2329
356
6294
4031
9008
5148
7878
9782
115
7235
1245
528
5188
3285
7634
3886
1237
705
1292
5305
3258
6040
7696
2074
6517
3913
5722
660
4026
4570
3434
2206
4544
9361
1210
4089
7780
9568
9097
9031
4595
1572
6547
5865
2624
231
8832
3985
2649
2640
550
9550
106
3838
2823
5477
2663
1524
7720
2987
6030
8345
3715
7147
5137
4043
6131
9501
269
123
8970
3801
4906
8612
9306
8713
6278
1477
3804
1916
460
3170
8004
8182
4905
2421
3872
8917
4060
3166
9633
7025
3252
4227
3134
7047
7487
2141
501
1964
6319
1195
4280
9065
152
7120
3974
749
3924
8260
7283
8655
3815
5618
825
5324
9461
9405
6617
6528
9934
7302
9857
2419
2644
9578
2468
7819
2754
1707
2998
7142
9472
2145
321
6750
4914
1421
4001
6790
6031
2756
1800
9981
7645
4933
1107
7275
3681
4341
6409
515
4655
7468
8909
9051
5962
5168
1730
3680
1627
8020
3723
256
5750
4352
8259
303
1493
9005
1724
6297
3516
3645
3108
5325
5461
2580
36
1269
6688
4577
2819
5279
2900
291
2268
9479
1445
2747
4110
5416
4559
3648
6959
4761
3608
2102
9858
6191
8613
8963
8436
7112
6422
2965
7841
4131
1859
7454
4331
4095
4231
2546
1027
6972
6068
1673
9091
573
9292
8095
8826
395
3270
3639
9140
1556
5380
1495
5730
1656
5637
6181
7316
9418
926
3699
999
7357
2033
1564
5138
3313
49
5385
6180
4586
8266
4252
5912
1320
5555
1183
2208
6846
3760
4895
890
5787
6705
2547
3610
7019
2068
976
5726
5942
5103
9792
4427
2694
2347
4361
6002
719
4689
5293
6637
9299
695
4127
7774
1272
8860
8220
9433
4180
5491
3320
2511
6826
2513
539
6453
4101
7743
369
4625
6811
8474
7271
4697
9460
7877
1482
8532
5347
3575
4528
3884
6734
3834
3569
3708
6303
5602
1254
9518
7865
1520
6175
9726
2927
4931
7281
7605
1301
6588
6527
8074
3652
7503
883
1755
6176
4776
2690
7898
3643
1568
6596
5560
8473
4397
1306
4447
4377
6765
4868
1062
6949
5143
4780
2947
856
7532
172
915
8607
4754
319
9688
9861
6838
6268
8291
691
3518
845
3435
6746
9602
8759
1872
8629
4813
1600
5605
3437
2296
4155
143
6960
8005
9004
6691
4619
2346
1932
375
4160
9178
8348
7504
1955
6382
899
7113
1404
7723
1834
2946
1928
8694
5933
9415
3514
6557
7282
938
6538
4308
5225
9463
2237
9817
5299
1098
6953
8696
5812
6044
559
7110
7534
2093
3857
3304
5995
8869
5316
1005
7247
1077
6610
5355
3646
5254
7549
6890
9619
5975
9249
9296
7689
1456
6877
2168
9252
2521
959
804
9386
855
4056
4637
7233
7952
6145
8451
2806
918
477
3689
9394
519
7379
6356
4709
1892
5574
748
2338
577
3595
1469
611
3816
1861
9548
5271
8219
1494
6088
453
7564
9573
7889
9533
6672
2898
3174
7162
4671
6891
9639
1854
537
3954
1128
9528
7196
6699
6986
694
9408
3221
2764
6603
1737
1870
6239
8442
9780
4791
2121
5931
9253
6824
457
5249
9652
7794
7041
7026
614
3607
1479
1275
9808
5001
9341
771
6354
2905
3866
7240
6749
9473
8492
8635
4618
8111
8231
6612
5194
4772
3614
9743
2274
1283
8960
4946
6593
1298
8264
6065
1788
8541
1770
5859
9705
5747
7418
7577
6940
672
4141
760
3717
4819
5791
8099
9781
3588
6413
2403
6166
3917
2891
6614
6840
241
386
9196
5754
5622
8161
1198
9588
5869
7734
7846
9055
2002
2147
7998
1782
2172
4211
5187
8030
4836
1875
9010
426
3617
6259
843
3803
596
7972
5434
6155
9013
3071
9759
1742
9960
5113
2758
3483
7346
8397
3828
3579
5981
9271
2021
3459
7769
3222
7383
3367
3188
2332
3461
1152
1097
853
7092
4390
4643
6395
6810
8940
3963
9739
7886
9173
8550
8958
5988
3887
1026
1877
5761
5700
8038
7644
8280
1088
7641
314
63
4020
2404
9536
8316
1821
7096
1991
9586
273
5714
2822
7200
2200
8342
9970
3383
891
9736
5987
3016
1410
3868
7017
5466
6172
6675
9412
6865
2103
4246
6288
1675
1209
567
2415
8957
8928
3702
3611
3785
6051
2466
1715
1581
707
1652
8815
8658
4415
6886
107
4245
9134
7612
8382
3480
9003
1552
9492
5076
203
6231
2994
2658
7788
9452
1378
1042
2122
8406
955
4849
7631
6714
2695
2796
1963
4243
7725
696
2944
8323
1703
1285
927
8537
4253
8519
7931
8435
9052
6080
7140
6871
3669
141
3888
8124
3113
1511
5646
34
4764
5648
2633
72
139
9549
8747
7083
1427
7624
3427
165
4005
1433
9702
5695
2696
5237
287
4929
7386
8153
7919
6990
3125
65
5030
8818
3310
0
8711
9146
6590
5363
8110
479
8988
6643
4292
4186
8861
3325
7789
1984
6004
5220
2684
3647
8368
3946
6607
3210
9833
5849
9933
944
227
329
9964
3289
3137
4071
3938
2923
7434
1659
3747
776
8014
7338
7852
5421
2054
3455
2339
6713
7109
6204
1931
8254
4448
9263
1901
2528
9192
1029
500
6487
8877
6841
5472
9671
3591
8226
9310
5512
7207
5145
6591
4792
2641
7975
3436
3484
2593
8949
2213
9293
6616
9729
7910
3402
5309
1342
4036
9395
8090
2198
9015
2218
9649
8046
3373
7034
6009
8812
9172
6233
2351
7117
1896
6625
1642
7501
3730
7751
3674
7984
7340
137
7849
7031
8088
5857
6923
2744
192
7842
8125
5694
9411
8589
4082
923
2045
6569
8678
1573
6757
4560
5065
3404
5487
4658
7750
3694
6730
3403
1938
1847
8638
4692
4970
5338
8944
9082
2177
3727
6639
9650
1217
6401
7439
2369
5650
3615
7224
7950
9963
9071
5284
244
5134
2377
2578
6776
5868
102
9083
3338
7428
7321
2768
2519
6087
1025
6764
3793
3001
6201
21
631
5973
8347
8198
2977
6980
4233
5590
8070
9205
179
2720
5435
4400
9113
1059
8314
4653
6213
9343
5033
3930
9912
5653
4002
2914
7481
104
6531
4157
7377
1953
9022
1540
2753
973
9892
2660
7713
3742
3978
3951
5354
8588
3142
4748
7763
4395
5390
9120
778
5120
5485
8953
3000
685
9693
8319
1644
8045
7135
6779
8739
7999
1443
7033
3100
8643
9921
5511
8645
6715
3231
7935
6185
6530
8378
5729
304
6906
9220
1430
5792
531
4334
2051
2682
6022
9826
4598
4702
1451
9081
2005
1927
5036
229
4537
1808
5453
6584
5766
7535
961
4359
3318
6560
8354
1615
2161
1123
7107
4244
7951
4079
6469
634
1411
1339
9753
3346
2246
9431
9828
5989
4562
7205
510
4022
6867
7310
716
2345
4825
1178
7303
7811
8265
9659
5022
1711
5175
210
886
5209
8553
262
5939
9484
7070
9989
6499
2017
1167
2836
9494
6019
6183
823
8614
2615
9289
2354
2630
9665
9147
48
3931
4553
5263
3456
3159
8684
5840
6242
8912
483
3332
9130
4302
1313
9722
69
728
118
5678
5482
3965
9990
2108
5185
4370
4883
9301
274
9986
6835
2291
8647
9835
4242
9023
7900
2064
8026
1799
4831
6594
5290
7795
7553
8735
4816
1612
1957
6411
6489
5050
7983
8202
1882
5357
6680
9218
3335
8942
5635
1833
6991
7093
5693
4968
7304
13
1171
7371
1750
7764
3372
5169
1023
7177
494
8856
6853
6879
9430
4897
447
5136
8961
2876
583
7740
2373
6551
6084
7139
6654
7694
7323
8
6322
9774
894
6514
4372
7396
406
5676
5102
8325
131
3489
780
305
5125
3526
5197
2187
7508
5980
432
3272
3234
9273
7099
3358
4826
9345
9489
3168
1208
2197
9941
2305
8470
7742
5358
2162
3637
4072
7467
1865
4735
5503
9236
2146
4694
1801
2251
1032
6833
3999
933
1472
6280
9748
382
7608
9938
738
677
8737
9486
5476
175
8830
6449
983
4146
8486
5242
1897
2985
9545
4033
2980
2025
3256
8967
5794
1401
8132
7908
8454
3923
4731
234
7778
8999
6762
1924
270
3323
5974
3259
3193
5098
8481
95
797
9191
683
6630
1360
9612
4470
3808
8534
5546
9011
7063
7130
3568
4672
8148
7182
2432
2035
6983
3873
8006
6817
9222
5428
5553
7619
7151
1545
5392
6981
9675
9623
9088
6885
3303
2477
4866
7433
6898
5329
6665
4699
5892
1862
4166
3135
9368
9868
8663
8362
8987
5879
6834
25
6116
8516
895
9048
808
9375
7188
8136
184
3573
8936
1604
2065
7452
5797
4676
8633
3454
8371
9719
3737
6581
9519
6494
9500
9276
1211
2398
3317
4978
1855
5752
9037
9953
4100
7441
644
8584
9374
2956
4207
3890
2058
1304
436
3609
957
1191
4985
5376
188
5266
7578
2310
9896
8671
6653
811
1429
92
3744
1695
4770
2368
8315
6438
7154
6477
379
5999
3219
8399
7828
9067
6324
180
5842
4426
6987
5737
4755
2293
5825
2621
2170
514
1447
6813
4550
5968
208
3208
4465
7229
3283
150
1437
2372
4482
2592
8587
4360
8274
7831
884
9185
7928
9
3416
9853
2324
8687
4718
5246
6602
7939
6966
4201
1262
8215
3741
1878
18
8232
1220
9379
6123
4759
7707
3952
8393
2385
3592
7497
9401
6313
6859
5604
7395
9890
5716
5337
7384
5464
3813
743
138
1276
3251
7565
2978
250
4531
7879
6773
8760
6902
9897
9459
4152
3758
3342
1547
8590
3629
4108
9219
9084
5764
4622
4374
4313
4149
1907
3660
2022
3119
3276
6106
5207
5955
803
3078
7327
1180
5813
111
706
4132
8939
7584
6674
3515
9687
555
3444
2365
5414
1457
2568
6339
3010
1311
2384
8851
1240
7300
6804
5192
276
6970
2827
4386
8479
2176
2414
8798
9820
1817
3271
3401
2497
6771
1181
6993
9248
8959
8744
822
7913
9884
9932
7779
3375
6635
3462
6152
939
6452
7082
7464
5620
8410
952
4009
2865
1720
1124
2600
8278
1409
2888
1690
1967
4175
759
1915
4476
2558
2646
1214
1484
664
5711
3779
6220
6778
4182
7
5638
9928
8133
5301
2575
9351
6047
1910
8876
5624
8998
520
4652
5924
4382
446
6518
8446
4865
7621
6271
2841
1978
6792
5970
3797
8333
3279
1337
8131
6720
8789
792
2996
992
5894
2751
6676
2773
5049
877
4860
6056
7510
2585
5735
8269
9096
204
385
8039
8152
32
6984
8560
8012
8887
5340
5521
2358
4881
400
6064
9312
745
5732
4066
1362
473
4712
3411
6775
553
5500
5851
2804
5179
6716
3911
4084
6240
5679
4200
2657
6003
4749
6285
666
1358
8715
7456
8972
5096
6005
7839
9269
7236
8048
1338
3280
8310
7429
362
2132
1806
8682
996
2680
928
8085
6143
6948
5966
7005
2039
7970
6550
7513
8533
4861
7566
3132
3183
2362
4495
5459
344
6858
4362
284
3935
925
4525
4930
2982
3496
3147
2583
1072
7210
7158
8200
4418
8857
5502
4669
794
4945
2797
2242
3103
8903
2138
4085
4125
7259
6729
9698
6873
6151
8507
7442
6908
4787
4249
6039
9125
9325
8528
7835
1252
3162
5410
8718
3165
8981
6346
3570
7266
4333
7854
2523
8209
1577
5406
8731
7893
8885
4176
1028
5111
7023
8230
6951
3986
753
1588
7744
4057
5442
4561
2309
8343
2563
5409
5080
7894
9608
1129
3198
1857
4667
6236
9239
3583
2706
8485
7659
6250
3130
4773
9021
5928
1003
9761
6807
8468
4258
7990
2734
7833
9873
7250
2842
8309
7664
5908
4580
4711
5581
4286
4704
7463
1100
7639
5832
4840
9967
3693
7727
1550
3695
4348
2938
2326
9609
1048
9151
4842
2975
9155
7627
4408
8948
7264
9504
3422
2380
8531
3535
523
9135
3282
4405
5596
6437
8770
1794
7719
8945
6744
6468
3920
6445
5126
8169
2549
3184
8360
5684
7460
1070
7993
5062
3237
226
3704
6162
8154
3265
4090
5628
8707
8042
9664
445
5014
7415
2517
4290
6524
6000
3020
2793
7582
5233
5078
5885
7184
7269
9807
2308
934
2661
9066
4983
2548
3722
2906
4521
6225
6221
2096
5909
7198
3926
1966
9245
3745
7491
4703
8509
5706
6684
3850
5660
8116
7875
7512
3412
6484
1759
4287
1489
3940
1923
7700
2531
1078
8968
5810
6579
8491
8011
9338
6416
2731
2188
8916
4032
3769
58
712
5344
4629
2294
9105
247
1256
6711
7640
4587
4657
8535
1104
2143
7402
397
3593
2247
5562
1771
8018
7172
4453
2607
612
5006
4493
4800
6335
384
3414
8547
1365
9392
4113
5748
9435
1958
372
3111
482
6927
2095
1174
2425
2445
3428
3613
120
2075
2474
1959
8983
1099
2454
8149
4017
5948
9104
9145
158
8324
4673
3500
3096
9526
7762
1179
9216
7116
8427
8865
6759
1435
2508
7347
646
9278
8873
6497
8247
9692
3061
542
665
7085
4635
742
6717
1658
3520
5426
3824
4670
774
5190
7227
8255
4964
6559
3155
9143
2897
4326
8806
7987
3128
1900
8853
9930
6254
2381
8522
9243
673
668
6388
7284
6071
7438
5563
5957
9322
1133
9407
2626
576
4459
9332
6619
2777
9816
5852
9555
6668
3811
7805
8510
1309
8115
153
3178
5736
3277
5738
821
5015
1224
2536
765
8414
1473
7209
4407
9546
9344
4074
8162
5131
4875
5165
4760
2950
1432
7969
7570
7458
8118
2080
3578
5349
9527
3543
7356
2304
9471
7022
3481
7703
3860
579
1331
1395
4222
2748
7010
6102
5167
2704
9991
7295
6863
5561
154
8565
4713
3112
2286
4224
1288
1728
132
8172
2335
5331
661
4404
4626
2970
4460
7517
1073
6727
4148
2428
7600
6925
5441
6104
4499
4195
4442
3906
3011
7994
4449
2222
6842
9389
3300
5047
1548
308
9796
4717
1908
8117
5046
6638
8807
3069
2929
2109
900
5261
8524
2357
2544
9937
178
1160
361
5890
9950
3994
216
9016
8034
2723
3047
1869
4512
4118
8871
3590
9689
8346
2318
1149
7635
9485
6352
2856
802
1090
8852
8773
8504
6359
7620
3572
551
9444
6097
2738
8811
7352
7358
8601
2903
6795
1692
7374
5592
6766
7728
1291
1555
805
2642
3506
2606
6090
9070
8413
6470
1594
9634
2775
5567
5586
6794
2881
6066
3856
5269
5051
6264
901
5488
5959
365
3504
3021
9090
8150
3123
8772
3491
4254
4347
2831
5531
3064
5201
9290
3062
1326
3925
832
6091
19
7930
3761
2015
1359
9466
3700
7328
225
5587
570
1087
7067
7337
8895
6300
9025
7940
5017
5983
5595
2988
5746
7155
169
1803
4935
1139
4306
4073
3066
7775
9250
2156
6146
4209
2537
5742
6394
1879
9931
352
7389
8380
4144
7410
2844
1161
7287
511
1213
2008
8108
7342
9369
2878
8475
4857
5823
7066
3384
4797
7555
8904
4535
2688
1273
2136
5217
5847
8779
874
4393
3984
9478
5236
4251
9945
7626
9350
8396
2150
8317
5362
2767
1108
629
7666
8032
7922
9308
3415
1370
2711
6955
3447
5203
5184
6545
2321
572
6421
2736
5557
8206
862
7530
3043
770
758
1708
9887
1558
3150
488
2097
9342
2000
6077
2760
2048
7770
993
1204
1349
2348
9477
4899
812
1348
7721
3400
8884
9585
206
9036
568
8394
7642
5720
3774
3976
8126
1810
6408
7715
7745
534
54
2610
8745
6836
5364
5687
9714
2922
9680
9848
2814
6381
9952
8241
6582
1199
7161
4168
7856
450
7007
5565
783
1611
9339
9850
8879
2857
3423
189
922
2672
8308
2131
6058
2730
6370
9107
9409
3057
880
4714
3990
1045
4869
9020
1481
1189
1972
721
3971
9756
4439
3477
8923
8284
2219
4902
8568
9370
5877
5708
3053
4530
7594
5634
4299
9529
6122
7149
4508
4167
5436
5090
8288
6731
7595
2770
7053
6321
6889
232
4678
9552
2312
2185
1754
3843
9503
8793
9691
1286
9532
313
1282
4236
2265
9673
5612
8670
8726
6150
5346
4028
967
7132
6989
212
1970
9704
5320
7486
9842
8783
7683
9179
5462
1017
1036
4174
827
3802
4639
6441
5978
1231
3564
9825
8190
4515
1470
366
751
4627
7056
906
4075
3371
7918
5509
5904
1463
3140
9779
5963
4928
2314
1006
2500
3203
8994
1610
3636
7308
2252
423
8010
9045
2595
6062
5060
8681
5682
414
5703
9326
2478
7290
5911
2210
4811
8918
9195
7385
6965
7076
2928
4504
1614
3859
1333
7912
1681
4967
476
2011
6085
8564
1980
4633
5673
6101
7633
2746
8620
9353
1811
6391
7051
1459
4058
5910
9674
451
2202
2650
8312
5689
3379
6682
1284
1825
5086
3369
1300
7088
2732
1249
3278
5568
4848
9117
9876
2315
656
4384
389
3474
9845
710
4353
7979
1393
5176
4297
6130
4462
9049
9765
4150
1535
8338
4232
5440
3127
8439
9701
9229
2306
8057
9522
595
8834
3684
128
8538
9902
4524
7178
2867
7411
1120
2601
8418
6944
5443
5665
1933
3212
2317
7050
7146
340
3120
4450
2674
2094
1981
3861
6962
5039
9815
8040
2798
9801
4631
9878
622
3330
2691
8472
413
9467
7613
3408
5795
8077
7579
9776
1038
6479
8676
9926
3453
2287
9103
3546
9959
1024
8808
1950
6228
556
2799
2590
1218
9144
215
6014
6070
1258
3743
280
1741
7716
8335
6492
8097
7967
83
3073
3381
1294
7419
8181
5763
117
9111
9454
8552
5566
8845
8058
6298
7646
1942
1076
8536
3034
2918
7863
7192
4230
454
258
8976
1621
7622
6117
6245
4321
4529
3641
8551
7996
3056
1102
3432
7573
8974
3844
9898
9595
6375
4541
45
5739
3865
5216
9696
9742
6595
3849
333
5643
5208
3344
6571
8267
2951
8761
5315
655
5664
6698
3678
9131
1383
5798
7917
4311
272
920
3086
6555
8946
5130
6623
2418
9040
7708
2961
3397
3131
3085
412
7625
7027
9358
6424
7451
1917
6618
4183
6845
8041
1758
2452
2639
8139
31
5651
2333
1696
399
5780
109
5589
5801
6307
6182
2826
3855
2725
865
6723
5241
5990
3298
3206
6839
4270
9080
2986
8173
5811
931
5361
9906
2603
7243
4664
7714
359
9214
8365
8777
3658
112
2449
4918
9491
8271
671
1155
4783
6613
6363
1230
8701
6503
4609
3207
5745
9904
3463
5
4822
6212
4190
323
7777
4611
3347
4827
5819
6753
6772
5600
4980
2899
8526
1623
5306
1768
5533
6600
2811
9212
7256
7809
5173
2001
444
8170
7060
916
6932
4781
9822
9124
9628
3901
331
1142
7394
5341
9605
2091
6340
1101
8797
193
2344
5573
1177
8594
5753
3594
264
1979
3321
4170
295
7408
9640
401
1345
6217
3670
9697
497
6868
4013
337
6330
3316
8320
3915
1634
5161
7488
872
1444
9450
4159
201
7675
8493
3327
1368
5073
5578
1583
4129
7202
4700
8212
62
196
4608
4240
8724
7218
1960
1510
6881
849
9257
1968
4812
3370
1322
7012
1807
1880
5666
3601
9324
6562
8129
6912
9695
1066
194
4109
4808
5226
4193
9611
678
7977
7554
9058
831
458
8156
9924
7064
930
8680
2391
9148
6819
5841
5755
2705
7462
1636
7847
1173
1112
1325
1255
6798
1795
503
4620
2625
2258
1712
4446
4498
3331
9317
3752
7738
8180
1020
2438
5268
380
1597
3847
5828
430
5313
4900
4394
3122
6235
8192
3308
1091
713
7942
5501
6572
3663
1982
1606
3992
4008
5287
788
8299
588
8837
2127
1414
1490
3554
7489
5800
869
6
5368
5905
1018
9789
2303
2482
2444
2107
3117
5776
1064
350
2673
582
8051
1405
7465
3385
4683
1474
167
1815
4833
1843
9903
7341
5066
847
1118
7596
538
1126
8995
5633
6884
9867
8163
9217
3633
2327
4133
2942
422
2334
5528
3006
8835
6471
6797
3644
1380
5784
6241
8572
7765
1995
5917
6148
6434
3254
2737
8728
2144
4997
6928
5183
8327
3833
9571
335
4337
5829
8597
7118
5396
4324
6548
2173
1468
5234
5235
8664
9955
6685
2389
288
6377
4850
1106
5686
1721
8112
4430
9019
3109
9397
9165
7115
6372
2382
9110
8790
5117
9899
5579
8938
7756
334
4686
7515
5986
3460
7688
4885
1144
127
5826
7058
4212
989
5074
6848
4130
5232
3196
603
3348
1973
5204
4266
5639
784
3958
1846
7448
357
6059
2559
119
6510
3755
3567
2901
9538
1694
9972
322
4401
4765
4457
9662
974
8143
9346
7040
5969
3023
396
9226
4469
8515
9922
2171
5105
5632
4234
1065
5499
7602
3008
170
8907
8964
7684
9307
4801
5772
2714
1238
7906
4668
2076
7926
8982
4956
8412
1040
9238
8262
5516
4027
1354
1223
2679
2700
7388
7705
6451
7965
6464
7954
1407
2077
2933
3907
2757
7265
9396
9864
4137
2727
2510
6230
1355
4093
3097
9973
1630
1287
1201
3995
1408
9068
2604
5336
2423
917
3542
6509
836
7606
4355
8841
6310
3090
2539
8488
2435
3523
6651
191
2473
739
1971
8634
8263
893
8363
640
2364
5979
5540
8415
2890
9514
8084
5124
6275
3979
6154
7589
1684
6583
6580
2540
623
5019
302
1796
4126
8754
7403
7355
8502
9498
7375
77
7630
8140
9333
2530
9570
7221
4490
3468
9413
7049
1760
3508
7816
1956
4336
5997
1270
101
9086
7726
8969
2226
4941
6021
1302
9364
1387
3846
4241
2749
2759
7141
74
9259
8561
3829
2587
3350
3955
6089
1934
2149
9193
4383
1215
5901
5940
7277
7073
310
2683
3315
52
2458
3791
527
5092
5536
2331
4963
7171
647
7807
8919
7591
9160
2374
4116
9419
988
2079
8746
8176
2301
121
7059
7086
7545
7006
9954
3766
4523
6475
7230
9829
1727
9927
3679
8758
7106
9865
2501
8321
946
4322
8692
8732
9077
7827
3429
1068
8820
4839
1347
764
3386
7801
5133
9721
5767
4381
9133
8480
4806
1267
9208
2874
9728
6032
4549
598
9458
1014
6302
9261
1397
4634
2703
6540
4505
3937
552
9749
8648
9175
4396
3126
5147
7527
2809
7246
2971
3989
581
4411
7457
7212
2670
1646
4263
3263
3942
4350
4506
2983
1948
5026
5308
7698
8104
4638
1136
6006
3762
2255
5866
3586
985
4974
4317
4293
6726
9121
7911
5996
9225
5141
4757
6043
4903
5902
6111
8802
5318
8467
8022
3731
6704
1297
2245
8838
813
1736
8424
8926
8075
6661
2387
3831
9311
6042
8344
6351
487
7616
830
3058
2046
8632
1856
5781
1247
8800
635
8421
1990
6732
4621
7669
3167
1752
2118
6385
8700
7514
2003
4440
9996
3204
4751
5760
4854
8932
4177
9204
4576
1202
1147
7095
4788
6343
2763
6334
7317
9907
2940
5384
4018
1318
8689
3070
4878
6389
6805
9877
3883
5393
3768
6284
2092
9610
443
493
8031
2360
1163
6374
9795
9690
7090
91
3905
4650
7424
2142
9404
7746
1961
5526
6897
2278
7329
3879
8214
6361
4086
3770
4624
7248
5702
2853
990
1454
7334
2476
407
8863
3227
9475
851
4480
1563
960
1487
105
2829
1185
2395
2743
3467
5880
7985
8548
9516
2712
7185
9357
9648
3881
5088
8138
2203
7039
4171
790
9767
6304
592
5858
5796
4402
6800
3014
4741
6057
1743
1327
2785
2769
7552
4777
3009
2851
8727
8705
6880
1781
9213
4259
1518
5422
9295
2820
8896
2151
4475
4701
8426
5458
1647
4422
8464
3710
541
4877
9200
2667
2491
4888
8514
7933
3262
4371
9283
9777
40
6808
5943
768
9554
1363
5611
2543
3988
2029
6290
6184
6309
8290
1779
317
354
6299
1749
628
5994
7496
2018
5669
1906
4019
3927
4143
4399
3536
8899
1830
2042
224
1086
2506
2561
3556
709
3017
945
3771
4215
7459
3220
7274
1154
7251
2388
6512
6387
6481
9101
1553
8033
7272
3180
2446
4837
6100
1837
5575
3842
2489
7962
2160
9944
1850
6862
8384
9057
9910
283
9465
2409
2241
2049
3394
4217
8823
2239
6121
1976
641
2393
5296
6649
466
3293
3696
1739
5057
1425
4268
5524
8592
795
5525
2509
9542
3912
8318
6096
3045
9150
5527
6543
9998
561
4593
6648
5473
5218
2071
5087
2319
9347
448
8036
1095
2884
8956
7601
2417
6660
4473
9098
9813
8134
2609
2675
82
1332
7354
3558
5198
9468
3656
8002
7237
4722
8224
5339
4771
5083
7747
7138
2963
5601
8996
2771
7175
754
2448
4786
8729
4915
5510
8546
7447
8092
6423
6878
3396
5370
456
6692
8776
205
5875
1918
214
7505
4221
4862
2512
6855
3638
8733
4527
1134
1044
5379
3900
6576
4276
6645
5749
6098
5288
8801
3433
1640
3625
1019
2498
3875
8549
6952
8013
5945
490
2036
842
7407
6820
6407
1769
2800
5182
2973
8420
8559
6402
1734
2430
8356
8966
1867
7542
2697
7923
4571
6926
9740
6034
9980
4536
1660
8742
7548
1512
7585
9823
4911
1357
7102
2662
4879
3048
8721
3932
4675
1763
8289
8878
3821
9445
3664
4830
3792
1109
4346
7593
6282
7960
2861
6708
73
5045
7068
4277
3449
409
1253
885
536
3707
7653
8296
2436
9565
2788
1940
1936
626
6485
9331
1080
7752
1530
3772
7204
6133
2910
5762
1431
9383
1890
3041
3621
4864
7628
99
7344
6420
5698
5837
5881
9262
9537
9026
7008
7825
2390
6874
8906
6533
7638
4937
7206
7331
4600
1319
602
8914
3136
2868
5417
7104
2966
8240
7884
8933
2205
2949
4981
3063
6108
1805
176
408
9198
9760
7119
2461
6796
6332
4205
315
7315
4594
177
5479
7128
5723
7231
6670
7709
1485
4489
8611
6992
1052
1379
8072
6114
599
2004
7598
8383
4318
3392
3657
8685
8661
5272
8656
9597
5247
521
2277
5253
2686
9319
964
9202
6781
6921
6169
1259
5016
5728
8927
9576
8037
8339
9618
2525
8483
4539
4953
8623
6964
3153
3892
4425
6896
7897
6511
3751
7276
2560
6260
1732
1176
6353
609
4247
9254
2605
9617
5402
469
1926
1626
5025
2023
5413
2375
41
5377
7003
2818
8929
507
7436
2499
7431
3366
3949
1858
2155
6851
126
6894
1235
195
3577
3487
5031
5104
1384
2275
6086
427
3354
7322
5311
3419
8868
722
6924
6406
3042
478
2883
7393
1341
1525
6459
2733
8704
9975
9856
378
987
6412
8660
6780
5844
6695
6760
266
693
675
4500
9152
1388
2288
2502
9038
1549
2359
6256
6553
5691
3718
1605
4782
5240
6502
6521
7145
1156
4708
16
2031
2645
4188
7197
4069
2783
2259
1233
7663
5831
4437
1813
1693
1598
7286
3945
1651
3668
7673
1522
8889
6631
6495
9000
571
9505
8425
30
8372
6500
8405
3997
1618
6825
9014
4140
963
3490
7148
6703
1714
6831
5545
5314
50
7075
4316
2236
2289
6292
299
3746
4615
7978
6344
998
3845
2396
5333
591
4216
4680
8891
8174
7368
370
2863
4275
2112
1350
1719
1767
8332
4023
3307
89
3773
3776
9201
7678
2128
6737
747
2993
2401
1985
1863
8460
415
2787
888
2182
9784
7791
6520
1689
6444
373
9348
8905
5846
377
1033
6293
5166
5371
9436
435
6888
9793
2061
7370
4474
7793
2887
1486
5429
6758
4623
8281
1925
2087
8978
4805
2276
9371
6196
5919
6801
4584
1780
3092
9880
4856
8734
6462
293
6430
1653
8602
4068
9786
1974
7533
4041
8699
9731
8225
9524
9009
9763
2859
5515
601
1827
6454
7948
5178
7072
1229
3026
4471
8024
8447
8208
3676
7586
9875
9127
5260
8539
5044
6267
8217
6135
5765
9615
7094
5993
2292
2422
9515
4107
3466
7174
9422
2129
6142
6525
9859
3025
3571
8080
7030
9027
9708
8306
4050
7306
2960
7223
4327
7543
1639
51
6345
4016
8505
1056
1722
8624
3521
8341
4378
6658
6542
7870
8955
9557
8253
5365
3286
8221
2290
7294
3527
7350
9425
815
1674
8203
1371
2195
9304
5110
1874
2262
5705
6568
9916
852
348
2972
574
5886
4932
2412
2105
4880
8795
5662
9166
4942
1937
9631
4491
6219
209
1081
8065
1839
86
2840
7599
879
239
5155
2371
8021
1783
761
9977
1241
5577
7156
9227
2370
7556
2281
4356
593
5321
4693
8975
3908
3721
9551
4329
5005
5946
1324
6709
7432
6903
2192
8814
4886
5932
8788
7157
1506
1676
202
9462
9493
5884
3796
7800
442
2739
8233
5432
6961
4319
325
775
6922
779
800
3200
3146
7654
8100
8458
6159
238
4823
801
620
600
9126
4677
8512
4589
8855
7592
1114
9831
3655
5861
9794
3677
5330
5291
8392
5156
1043
676
9233
4478
6295
7165
4835
2299
681
4647
8609
4851
9614
81
8301
1687
2843
9862
5569
5947
79
6461
4298
8007
4342
7257
9476
2989
8294
9871
3269
2931
4269
4925
4014
3756
2801
6701
6947
5469
4064
3667
5400
2651
6248
7035
2470
6163
9136
6427
8872
3867
4566
4740
6857
2632
1586
7216
4990
9161
8096
1464
9507
9355
1497
5011
318
3226
8268
8272
4730
1085
1140
28
3507
5572
5394
2009
2164
9766
70
1366
6515
9694
67
7378
6396
3961
8679
6995
1912
9715
8511
7045
8757
3501
2133
679
4305
9626
4538
3534
1710
2063
1415
9102
3993
2431
6556
5465
6785
489
1041
2533
1533
6211
3421
9162
8250
7574
9607
4250
3897
2114
9745
9657
1012
6053
11
4975
8730
4481
8444
3980
8056
9738
8168
4115
6872
1731
6081
1729
2750
6655
8177
5486
5855
6008
9834
2284
8827
3996
8106
6816
2524
6012
2209
235
5494
4651
6570
6320
837
4917
8457
6673
5900
2228
4417
5701
1998
8833
1609
5075
9658
4307
932
5839
3969
418
3789
3018
5360
9621
1876
8652
7332
7129
2050
3004
60
1420
929
1645
2047
729
1567
5774
7885
8216
441
871
8499
6431
2487
4080
9167
3529
6971
9423
6756
715
2343
565
8667
2440
4993
6864
4435
3245
1162
8774
3885
253
4962
8653
2070
6988
2656
2586
5327
9943
2554
1374
8402
2908
168
2516
7470
7430
730
1151
3446
3215
7610
7880
1030
3549
3877
5373
1654
4727
3587
5070
7052
9746
3654
9558
4303
580
4796
2879
7864
1390
1057
6140
4957
8543
3395
2915
2024
9234
3077
8352
330
6982
2620
1593
3759
6433
3825
9163
1818
718
4114
8452
4592
1458
6360
8911
7710
6733
3161
2433
5294
1063
8375
5598
1617
2325
5953
1157
6900
6893
6128
1264
2420
9482
7692
1777
2488
8585
6161
8842
1551
7121
7398
5128
464
1131
4154
3620
969
5824
5984
8387
9622
1735
6516
4414
2341
2776
5835
7048
4988
7588
4257
6933
1505
1373
3560
9802
8054
861
8571
5534
4398
1075
7697
8179
2659
7208
7949
7992
9156
889
1051
8130
3363
3249
5095
5007
1398
7576
248
2055
7944
8762
4987
4927
6719
2453
1305
9360
1344
9285
4369
8650
2263
7615
7754
3175
5404
3486
8846
8997
3502
4855
4424
9733
4784
4649
911
3476
8962
7767
2699
5123
6526
9012
9114
4892
1762
5830
6067
3243
2034
1864
8610
1962
7280
9993
9456
8662
4802
8787
7366
3492
2761
1015
159
3703
475
3513
9087
7540
8258
912
2014
3783
6069
7478
9511
5048
2967
7981
6105
4412
9018
5985
3084
6120
4644
6036
1513
9869
4747
1840
9349
9948
7361
4202
5820
5888
4716
5200
5672
5667
8411
2538
3387
5199
6323
68
5056
4924
6519
8523
807
8361
5041
2019
8101
5887
6189
9642
3967
566
1369
10
4161
7806
9393
5614
2598
4106
2577
1353
149
7226
2784
6448
6457
7443
9750
6337
8311
207
9362
3141
6287
7662
8506
6312
9994
6483
3662
1434
9439
7015
24
7054
3054
6092
5069
9434
3098
4913
7444
8954
7087
9001
5258
9700
782
5018
2383
5352
8028
3173
140
6364
1423
9737
2342
3822
4828
39
7860
6269
7814
1829
9142
4494
9279
2283
1491
8277
2858
4468
3032
4226
3257
1944
353
4323
3895
5992
7958
8391
474
1602
1751
4951
526
3561
3959
59
4139
7858
8615
1541
7351
6482
8438
4330
589
7260
1987
6609
9600
9863
6466
2514
6573
6751
624
6306
6647
9540
5853
6608
5229
3628
9976
6803
1791
4565
6784
6985
5276
5709
4332
9886
285
4971
3830
8866
3819
4947
7899
6620
78
2920
9030
866
8159
44
2207
9211
336
7938
7733
3739
6812
1440
7285
5267
8822
3345
8205
2457
8374
9590
1941
4351
1835
9569
2713
3191
5808
8668
3823
6724
1226
2078
8529
6283
94
943
4569
9129
4364
7813
4542
2597
9416
1206
5191
6748
2159
5467
505
2623
9735
3622
7776
1899
5683
8764
3725
4429
7895
6809
6887
8066
108
4546
7305
9488
1516
3075
411
2139
6621
6222
4547
1268
3899
9677
2504
5496
110
3538
3266
5356
3936
2030
766
4804
9790
763
8201
3217
914
9122
8303
9356
8892
7520
468
8073
8688
3962
6587
1403
7201
7818
1367
7691
9354
4597
971
7400
4887
4513
5576
7036
98
7152
5193
381
5345
8530
2271
6822
9330
4743
8755
9265
5243
8016
1448
4077
7449
4986
5640
7330
438
4294
6919
6186
5495
6652
5480
3716
5283
2848
5335
9116
5021
217
3205
9187
772
9502
6998
6072
3391
8000
844
6173
4045
8304
5559
2825
3894
9188
4273
4025
3600
7971
1047
2413
2832
1823
4267
1187
279
6194
5408
5788
2948
6945
585
8690
3181
9630
2194
7314
5278
5896
7957
7016
9513
732
5740
7046
9314
3157
9942
3341
6025
392
4444
7812
6973
6373
1069
6472
8709
7647
8616
3902
3380
2780
965
7729
2958
3544
7324
8337
2212
3790
8555
5319
1576
1539
7538
64
9154
5250
4794
9206
9888
3360
506
1295
8829
1921
1666
8925
9287
7217
8144
4466
7989
517
5685
467
5292
8886
3074
8639
6529
1323
3944
8236
6436
236
245
3602
7921
5150
7982
2629
546
3472
9720
2729
6754
4181
1499
1983
1328
157
8242
1773
7228
548
5654
4779
9323
2909
6931
6134
6636
810
2862
3787
8496
4434
9840
3199
1054
8540
7528
3027
3068
502
557
2618
7409
9313
6215
615
5420
5300
6752
4575
8804
4099
1560
3775
1462
7220
1930
8527
3921
950
3698
7421
6266
1278
2596
6815
9984
6398
7002
5010
6513
6419
6160
7278
1239
1905
6368
2323
3015
2300
5107
3253
4719
9034
3424
3933
6946
1844
4952
1375
6679
9184
4698
8448
4279
7353
8752
2864
9367
394
9417
793
6659
3777
142
1343
3390
717
1836
1845
7437
2882
5517
8950
6187
5002
1747
9047
4867
8121
5671
4291
5951
2013
9893
2847
1546
1772
2852
3623
4996
2745
2817
6997
3336
7001
1677
2594
4094
8237
9635
4876
2330
4572
4972
2493
578
1852
2356
8980
7279
9983
6501
222
3719
1954
163
289
2297
1790
6696
4120
3002
8302
4632
5211
4421
2250
4543
7296
2090
5599
7959
1946
1496
8157
6979
5670
703
4912
4335
7679
7546
5636
7851
2943
9043
3835
1219
133
9244
5956
7029
4300
8376
4096
6126
9230
8799
5064
4685
1620
5328
8029
7741
5264
2016
9182
8211
4858
1103
9757
4564
9923
7569
9709
3019
569
9956
1570
5231
7511
3509
7336
1385
3267
6124
5418
9791
6049
7572
5032
8992
5607
6467
2845
5899
7335
4715
5445
1706
327
2221
3149
8698
7953
5862
2886
2921
1340
4379
980
5606
824
4173
7887
806
1058
8482
166
3863
9455
6252
1775
9499
4778
834
897
463
5035
6153
431
1638
2186
2894
8665
7043
6712
1765
7671
4894
4728
5538
2158
4003
8567
9804
9915
690
371
9678
3040
4380
6650
4891
1190
8422
9280
6158
5613
951
708
9613
1244
9291
1756
8379
5452
1501
633
3244
9321
3975
3778
6171
982
8993
3439
8287
6969
8189
2855
7127
5619
8627
2416
1537
1819
398
237
5415
3665
2059
8355
1824
8069
9577
7536
3339
2599
3241
6197
9717
3035
839
1613
2037
4325
5093
9365
368
1648
2100
4870
4841
584
5725
6549
7382
8521
7009
9180
7925
8160
8261
7896
2792
1216
5991
8813
342
6333
2010
8579
6016
1798
3284
1146
470
9428
6721
8270
2244
1436
6262
2781
3566
4596
8279
7685
1376
8158
6788
6633
1680
1700
2582
8640
3729
1450
8599
4581
6856
5925
649
9334
2782
2710
5282
4790
6941
6132
9451
8370
199
7270
7687
4054
6671
627
7242
6735
9139
8336
3904
7704
5210
3862
6082
351
2180
632
130
4674
5799
4921
3
5539
2741
1766
8805
2574
7348
7665
1083
9132
1279
5037
9949
4507
5372
4192
4820
4463
8251
7288
9832
7826
7796
6125
6936
3049
8908
4358
129
6193
4196
9870
4092
8228
5498
374
5789
1718
9962
7309
3022
257
7000
218
7711
5298
7655
7739
151
3956
4943
309
8596
8965
6939
9769
5644
7832
9638
4055
7690
8500
433
3311
8340
5170
6203
9186
3314
5873
7254
9328
2830
781
1670
7904
2635
417
5713
1335
7792
7065
263
6362
2677
1197
2790
84
6534
8450
2791
2569
9267
4750
8604
7567
5938
5743
5215
1334
8703
4030
6622
1521
7028
3898
7187
2969
4724
7571
2152
7736
6301
2110
2724
1591
4218
4940
4898
7916
4172
562
2889
5424
4551
3274
480
9999
9074
7239
1745
3649
1110
6127
4433
5786
2892
1351
5000
8419
723
26
5446
6958
5724
1851
1809
2254
4954
1381
3228
6410
1534
9762
663
8359
1566
2839
9061
5470
1265
4010
6490
8497
7581
8780
892
3055
495
8848
5848
3232
4111
8513
3030
5369
5836
8756
4040
5542
6850
3194
182
7037
3216
8495
8455
2997
3852
7450
4745
7131
7343
8433
292
1299
6210
3673
4936
7892
4047
4078
3260
5922
7932
3858
1419
221
3046
2527
5954
3246
9844
3291
936
9078
9560
7077
9199
5793
9909
8322
9644
2116
924
5129
1222
2126
242
5387
5897
8350
7523
6226
7973
7422
1685
9359
4255
4642
5609
4048
7194
7397
7423
9274
8934
2459
3076
3087
8329
8738
1008
4977
9448
9547
1400
5312
4998
6599
5153
2505
228
1607
9075
4497
3083
2316
4889
3230
8305
4610
2567
1664
9579
6237
5814
4112
2406
8459
4416
3176
947
8894
3425
6832
3690
1965
4534
5068
2652
630
5727
642
7815
6115
7561
6195
6917
3438
9050
1842
7313
1251
4184
4645
4710
5827
726
1975
9294
3522
6456
4208
2486
1453
4574
3728
8854
5817
7168
268
597
8577
1115
4368
8167
2628
2573
954
1945
2995
37
5856
850
46
2557
5224
4492
7915
1616
7166
6935
7412
9403
5556
7902
4219
7557
3197
516
4420
6218
3630
9337
7150
3152
5674
3211
9203
2954
9044
8275
1227
1891
2400
9841
2484
9006
4739
1868
5916
7163
3960
2135
3471
1438
243
6074
5704
9235
3095
3287
7435
1589
4517
7821
4235
1389
1733
3818
4578
9799
7474
7293
6739
6048
4557
4053
6463
3160
7558
533
9679
9260
4065
9951
9510
3540
7011
2866
7390
798
6200
2267
3547
4156
9266
9752
9270
3682
5094
1929
637
2581
1738
8654
7380
2492
8388
5286
6905
5213
4950
4829
5397
5918
6640
8619
4458
5157
3065
2709
9109
364
5230
1386
1314
6190
9918
4203
6742
6455
9604
1919
5259
6355
5071
9523
767
8187
7186
5769
5378
71
2052
1416
9806
1575
162
3213
6405
8973
6566
8831
2873
8576
1631
7656
1290
7560
3171
7732
4567
7748
5949
3457
5719
8900
9672
7376
7426
8562
8498
4588
2026
3720
1130
135
8417
1071
7668
6847
5222
6443
2838
4339
5099
9183
651
8053
9645
6627
2256
7803
8059
5554
2027
9398
9197
2930
994
6577
9286
8431
2117
3365
3869
1528
4603
4121
2535
2429
5374
9251
5082
762
7369
23
429
1820
5152
5029
5621
2480
6168
4392
7225
8642
3782
4271
7855
9914
7824
5450
6769
9637
271
9258
1212
6460
5100
8466
3005
8716
6546
2953
7469
1688
8786
1159
7980
8461
5972
5854
9966
2181
2808
6425
2551
5585
9830
532
3781
7445
1608
711
9699
5717
619
9543
2717
8710
4147
6474
7843
3352
8666
2437
9033
1699
33
4617
1704
197
3029
9420
9572
6024
7495
6291
8282
4049
2877
3548
7680
5108
3732
420
9974
2707
1471
6208
1336
4024
6273
702
1523
1725
7636
3903
2134
2566
7074
835
3242
9469
8476
5054
9681
300
2082
9636
5712
2098
7167
5399
5649
4487
2320
2405
1329
7472
5468
3475
3966
5958
6289
7477
2261
1792
2999
8626
6251
3871
5164
6010
1234
6026
1764
8520
6432
3156
8898
7301
6199
148
8091
5893
2936
4665
5843
1668
5245
3950
3297
7907
3306
38
2269
428
1853
6624
3333
3407
7420
7097
2917
1789
8844
8828
4599
4556
2636
1663
4295
1683
1709
7830
6045
8641
7706
3505
4354
2465
4583
2044
1509
1293
4304
6435
3683
4134
5437
9566
3451
9093
7991
3225
686
688
1569
554
9228
8430
2410
3724
5055
8717
4185
9106
9215
8893
1587
3441
2196
7772
3409
2925
8881
1280
6136
1165
9530
8503
9582
5072
4607
7211
9441
5383
3929
8569
8714
1943
5089
419
2124
6644
2397
606
9900
8145
9641
1413
9661
720
2570
4721
8434
3224
1050
4832
5004
9556
125
3840
1997
6968
5195
6305
1532
4135
6369
5281
9410
9724
1207
4976
7643
733
4076
9158
5936
2232
4021
2789
2812
4282
2617
7524
3328
9778
439
5681
6046
9297
558
5617
898
5505
1153
8749
3031
5523
1164
7946
1396
7446
2434
6367
6910
2692
5221
2490
9978
1135
7320
7318
8089
6167
4873
3498
5042
7190
7189
1888
3376
1169
8184
7080
667
3247
2233
9060
8924
7525
281
6052
9958
5024
6327
5142
6249
9837
956
9718
3322
425
1519
991
1182
9805
3290