2000
629
1113
311
1380
1937
193
1052
38
452
1314
1781
139
49
1171
1830
734
644
929
357
597
1938
1994
243
1155
1613
59
1659
689
1989
369
1141
1782
891
533
320
1376
688
149
1857
544
404
1212
1778
1820
920
1424
433
1207
614
485
1377
176
1661
136
806
1899
1660
1530
1585
1092
1421
619
674
90
774
1395
1413
282
380
976
1928
1944
1307
1927
1849
11
1367
1097
1731
557
1431
437
559
509
295
342
1404
191
1501
1371
999
403
848
1742
449
1814
965
1572
1208
247
462
534
1449
1968
783
215
1841
204
726
741
8
1749
1635
1946
346
349
1730
1392
1921
727
245
896
822
1042
1892
1651
1102
1069
379
1246
986
241
1107
879
1723
874
1947
203
1293
1998
1082
1
143
849
1888
1116
157
571
1326
1532
410
330
95
802
1719
285
302
1429
528
1256
1251
1444
1591
120
1615
1300
41
906
924
1267
1817
817
474
1032
1995
1508
850
716
1014
733
110
1689
916
662
1285
33
123
1390
394
1305
1984
1008
481
1640
1228
867
1488
145
129
376
1855
230
1877
531
770
339
353
1929
1983
939
984
518
564
1556
1144
1231
1536
1278
1143
454
671
527
37
1618
1626
1024
219
1044
1974
633
482
1388
1986
272
1396
298
751
1880
313
100
1334
1972
1988
1601
1617
479
424
1291
1736
1423
1199
1048
660
293
588
1085
1464
1425
1895
1793
908
990
550
1127
1502
1465
78
1020
1516
1462
435
818
1673
1755
1872
486
1677
1237
1752
1704
17
1846
1496
99
1344
1442
666
469
1259
108
1004
384
326
141
778
1399
743
932
269
389
1934
1798
1809
1327
257
1708
192
457
152
1196
303
546
1943
934
121
994
85
977
1835
483
1066
1330
1785
835
1936
707
364
836
1511
365
1727
993
1533
1916
1592
1161
541
155
1163
590
1332
224
712
1524
1602
1257
1268
711
1019
1181
863
1403
79
1522
1411
1676
705
1023
0
308
768
370
1807
1733
352
653
725
1573
556
1264
1001
636
570
532
43
922
724
1860
1713
195
1422
1220
268
1416
1408
539
1124
1663
1385
1025
1827
905
463
851
409
425
592
210
1828
1169
979
1510
98
730
1799
1357
514
189
54
525
776
553
1821
683
1203
1672
1503
101
447
1812
1114
200
412
52
1374
440
226
1263
178
511
332
652
996
1434
263
35
1543
697
713
1387
270
25
1013
443
676
1006
1249
377
1962
775
809
1520
1255
1692
894
638
1188
1924
706
654
1906
1238
299
1547
7
750
1318
1394
393
680
304
135
466
1469
1012
458
185
56
1151
787
1436
560
841
1063
1593
125
455
368
1007
580
1213
1847
847
715
1534
234
1467
523
242
1582
1772
158
1774
174
254
578
205
1810
1959
767
502
883
1586
983
1969
209
1685
1801
870
1452
1295
1352
117
1583
322
1813
374
1893
127
258
1963
1170
899
808
468
48
761
1738
1519
126
495
284
1384
464
1448
914
579
1652
1075
859
801
97
1549
760
1224
596
1456
1365
1873
1420
1095
1737
58
1876
1389
1030
1957
1073
499
1354
1214
327
507
62
1146
1041
1398
510
244
83
1992
169
1997
555
661
227
1634
1342
1493
1166
46
1597
696
1195
1926
1789
1209
930
692
1942
289
845
902
459
1070
253
1996
1353
1714
294
1897
1223
613
133
331
1804
1447
348
1816
587
351
413
1076
1823
813
1319
1780
1666
239
399
1919
1050
1759
504
964
1859
853
1725
876
1274
106
198
1630
1748
686
1964
1167
67
156
1552
1174
1658
1382
248
941
223
1864
1245
862
1735
1414
1078
1368
708
1729
832
1109
529
1077
957
1484
513
1667
961
220
1576
1194
635
789
1139
1922
1192
786
1594
28
1794
1861
1222
1215
1043
1718
1604
206
869
1125
561
860
1018
408
1185
1348
884
925
76
1612
119
1250
647
1840
593
328
86
873
1287
1226
1633
148
445
1461
1072
65
665
1870
1162
1766
388
1340
568
952
131
273
837
251
1010
10
1478
517
1363
508
1829
500
868
279
1451
843
799
946
888
512
472
1542
1031
991
549
1439
154
246
1981
277
1967
1233
170
1457
1753
232
951
233
386
1802
1678
807
1610
918
1506
22
1349
606
1871
1863
955
237
972
490
1513
687
235
723
540
146
419
69
93
537
201
1466
1492
1135
1886
1491
1159
1247
473
938
1261
1120
373
794
839
53
1432
150
102
675
1160
1133
1090
1693
953
1776
75
1118
453
1624
60
162
1900
710
935
1559
1765
762
1914
1918
1054
261
1741
738
1289
1832
655
505
1505
1426
363
113
34
1845
971
565
109
598
1282
1409
167
356
1740
1711
693
1309
1130
663
266
923
1202
667
1636
1306
240
334
1768
803
118
336
1152
319
1568
1047
833
1260
1088
1356
1645
441
1686
6
1850
1622
607
576
493
585
1045
406
1545
1258
826
1980
1147
264
1183
699
345
1933
878
1904
1960
1935
214
900
1923
1406
628
547
1767
1105
1790
1699
640
1690
673
664
217
1470
1707
1059
1316
1311
450
107
877
1777
1284
819
887
1885
1565
669
1527
1094
494
1868
1290
1009
1483
1751
980
71
1080
758
1540
1455
1806
740
893
1691
40
1121
166
1656
68
1941
89
422
1473
1029
632
968
1932
475
1419
255
476
1728
1068
1410
301
1894
477
1843
315
1833
15
1301
448
186
681
362
790
183
618
265
1694
1441
271
159
936
1453
1337
892
1145
16
1119
184
1035
111
1134
400
92
1951
1038
1822
1142
1322
501
45
418
729
1512
9
329
478
1173
1683
13
1887
1878
538
1136
503
1230
417
639
1064
321
1773
1200
405
1112
1351
333
182
355
987
623
656
1548
959
1131
973
1350
465
87
577
1153
865
882
1792
1587
1632
795
1011
1294
748
1463
1623
314
177
744
1529
1298
701
1366
1824
42
898
1701
51
137
815
1902
1341
221
1771
907
96
1507
1940
432
88
764
225
1905
70
620
855
1575
1303
1086
1982
190
84
153
913
1178
1637
57
1554
4
1803
1299
1525
745
573
103
631
648
753
1903
1590
128
1907
604
684
1891
1373
1239
962
1769
830
341
147
754
21
1851
63
1270
438
122
974
846
945
423
1544
649
130
1647
1619
709
872
115
29
179
1720
506
732
317
163
1360
603
969
416
678
50
1745
207
1609
1953
61
1243
1279
755
1370
1599
524
116
616
77
766
296
1865
181
1110
1797
1459
171
1071
1108
829
1999
1236
1641
1697
1732
300
1884
1266
1945
956
600
1825
274
679
161
1458
256
1739
1244
1669
1040
1347
1317
1811
1460
1837
1372
1990
1060
895
1949
864
742
1762
735
827
682
997
1662
824
861
796
1950
1241
595
36
1555
340
722
1724
396
1643
3
1557
484
446
1205
985
889
886
1158
1577
622
1217
1358
998
1764
1277
1058
1763
1687
187
1253
290
1881
283
831
2
1620
461
670
927
1477
228
1800
1265
1581
1875
124
779
407
1138
1157
685
838
1100
260
398
943
487
566
1339
1401
1852
825
1808
1853
1210
771
1232
1104
1831
335
144
643
168
434
1750
491
80
691
378
1925
188
480
834
439
1346
180
18
1504
736
194
1381
1027
1132
536
1541
1286
1858
1296
1435
1915
1815
797
545
572
1956
1418
1129
1193
1743
467
739
202
1480
1055
917
1313
842
608
306
1489
1705
1497
954
1786
626
811
151
1186
958
1033
1345
1320
840
1985
1744
919
1083
810
1917
1126
1115
800
26
160
1335
719
1164
1446
1717
780
854
615
1288
704
1475
358
1180
599
1879
292
1611
1481
1588
1128
1889
1262
694
519
1629
582
1177
1485
788
1558
1975
1271
852
567
211
672
516
297
31
798
1952
558
470
1909
982
55
1654
47
1567
165
82
1580
1369
805
1037
291
1912
781
1275
1650
1328
1137
281
814
309
1443
1122
589
995
1450
338
1571
563
1987
1216
641
428
651
1757
1977
1280
749
1910
966
1569
44
698
1671
1595
700
1836
350
1862
305
381
668
444
497
64
821
1515
1106
897
782
1343
1670
575
259
820
963
1561
288
72
20
142
1866
173
1240
1471
926
1242
948
310
1204
714
881
981
278
1175
401
1111
73
769
451
375
1093
1589
1788
164
1490
1500
1123
1779
1391
1417
586
1931
1494
1218
316
1079
1712
1517
1022
1607
1696
1017
1430
1433
1839
1616
1486
1908
1172
1563
1722
1562
414
947
1521
442
1535
1608
1028
1955
5
496
197
1375
81
1625
1973
1566
526
858
1329
1056
1308
212
650
1965
1546
1211
569
1867
627
1684
1412
354
1498
460
1688
554
359
498
657
772
1091
903
1703
574
1315
1096
196
1578
1939
429
1971
1856
324
904
522
456
1642
1648
1514
1084
731
1882
236
19
690
1225
1081
793
91
756
812
728
1560
695
921
746
14
562
1323
1600
1787
1579
1187
262
1427
1379
659
702
1189
1709
1770
1304
1747
1165
421
172
1087
1252
140
720
1538
1874
420
737
1819
942
337
1854
1726
1553
970
1818
1596
594
1184
1361
602
1758
387
978
1487
1715
12
933
992
777
1034
1191
1966
1954
436
1746
784
286
1621
1834
988
1021
1046
402
267
343
323
1775
542
1074
1364
431
1402
1680
1783
630
395
1702
1842
1848
1415
1428
1276
1605
1168
1649
1333
535
1397
584
1221
1026
105
1378
1976
1644
1454
823
1148
218
612
367
844
1896
1791
937
1734
1099
1890
307
1235
250
1961
928
1531
1706
1844
1476
949
901
1550
763
610
1468
430
1281
1405
1574
828
411
1057
114
885
1664
915
1150
94
392
624
1883
645
1639
1970
1499
1302
1005
391
1393
390
1898
361
1526
1067
747
880
1668
1710
30
1913
1407
1101
24
1721
609
581
1331
718
1292
1310
222
175
1386
415
1283
32
752
1016
1760
1383
1958
1227
975
1537
138
1606
703
1065
1062
721
1979
1584
1570
276
229
1206
866
967
1796
1655
1628
1321
1324
791
1219
1437
1362
1523
677
637
427
521
492
1646
471
1273
1679
890
1338
1440
397
1000
382
1053
1355
39
611
804
515
325
1991
216
871
912
856
717
1627
792
1716
199
551
1359
617
213
1103
1920
366
875
1015
1049
625
1993
605
1509
1190
372
1901
530
1978
27
231
960
1474
112
1297
634
1930
1051
1826
488
1479
910
1438
1805
1638
132
1528
1472
287
1229
1201
1325
1564
489
909
931
1336
1495
104
1674
1312
249
950
74
1149
911
543
1039
1539
1098
1665
765
1698
208
1614
66
1036
360
1482
1061
238
940
1234
1002
520
1598
1682
1154
1603
785
601
759
1869
1700
1551
548
1911
1254
1754
1117
1272
1948
621
1003
1795
1631
371
1838
1445
1182
1756
280
816
1653
275
646
1089
1761
658
383
1248
344
385
757
857
134
552
1179
252
1176
426
312
1675
773
1681
989
1400
1657
1156
1197
23
318
1695
1140
583
1269
642
1784
944
1198
591
347
1518