3000
931
1595
286
1377
659
1659
1212
2787
317
2112
739
1259
162
1922
819
1248
725
173
1473
302
879
1374
1333
259
800
486
293
1022
313
2306
893
2408
934
171
947
1355
1072
2914
2437
1771
1081
1714
554
811
1614
32
736
1208
1273
1967
2861
875
2725
1989
860
1098
848
513
862
1470
2574
2819
89
1225
20
268
2281
2513
1496
2973
2211
2763
1677
2374
1785
1447
2966
578
2923
2383
2227
2870
2490
1400
56
2008
1838
1286
339
915
1475
955
1867
1998
138
2852
632
658
1661
807
481
813
1210
298
2734
2818
758
2918
2151
1461
2792
1190
2904
870
427
1048
420
453
217
305
983
472
449
1227
2332
1987
2515
323
2784
847
2560
525
2358
1560
2630
2379
1373
2192
2618
2475
1335
2476
1019
881
2478
2505
683
1719
1432
2529
1440
2907
780
1052
1203
2027
1124
2615
795
2680
2757
2635
2525
2975
2746
2720
125
1358
1754
2710
2238
2650
2406
2590
2345
1533
340
696
1855
647
1657
2003
2669
676
1397
2493
834
668
361
1160
1891
1206
2945
1734
1466
1392
2360
2477
507
2844
1020
723
200
1619
2311
2726
2055
474
2559
84
921
641
1948
2318
1526
2395
1269
2676
1933
1724
2486
2145
1188
975
2026
999
1839
225
2245
1544
2421
1696
2305
1089
2822
1186
1742
1403
2600
2531
2580
2833
434
2606
1886
2510
502
2455
1821
1437
1282
824
1296
1407
2663
2626
1128
1561
1352
2265
1014
2653
2705
991
1131
2454
227
2086
88
1514
1024
2906
1314
1242
695
775
181
621
957
2847
360
585
15
2974
2365
1827
2894
763
580
2775
926
2854
2474
1150
1068
402
1073
1214
2964
2544
1956
750
1047
1585
1753
1164
2806
973
1182
341
708
354
1002
1626
441
9
2075
2552
1586
815
1527
681
404
2232
546
2678
113
8
500
2154
1914
2141
1083
2502
437
346
1244
2375
270
1707
332
2133
223
318
1295
889
1417
2277
2225
1660
1593
524
2216
2675
280
2202
2167
1602
74
365
2587
485
1642
1063
959
207
2092
871
560
1804
300
1211
2711
1694
2972
1229
17
2007
1394
2998
1149
801
1387
451
1025
721
1481
1944
2201
2195
14
2404
2545
144
1739
1471
2760
939
424
129
2500
1953
1690
1960
2329
1504
1582
992
1893
1750
46
1231
537
1552
2081
2976
462
1135
2758
1241
2527
2735
333
1007
480
1091
2188
328
191
1965
2988
103
394
2890
153
60
2706
1874
520
633
327
63
2581
1142
444
421
273
2384
10
2246
1489
1594
1433
278
2607
677
1341
2062
2664
1728
2949
1895
1422
1934
2978
1431
40
2541
2740
1787
954
2828
720
863
2501
2934
428
146
1802
1506
1764
2665
2771
703
2039
2951
1740
1151
157
1023
2994
912
1012
47
172
1122
1718
1439
2147
326
2280
1567
1010
1819
2328
673
978
2011
563
2447
2724
805
1042
1257
528
1947
1843
1265
2378
2990
149
944
2226
1418
2198
503
199
2729
1138
301
952
1768
1353
2017
2696
887
1781
1627
1076
484
2984
1954
2731
1426
910
1337
2677
2480
1126
1323
2240
2403
1086
2405
290
1204
467
906
2347
1940
2034
2479
1488
1137
1101
1133
1865
2044
958
534
689
2858
2516
2610
190
2741
2865
1929
38
933
2759
1452
1375
1727
852
1044
1535
2067
1404
2158
1569
2295
529
2127
2540
664
2891
2419
2035
1288
1268
644
440
539
1578
1755
2567
2461
2434
1163
2537
413
1616
195
136
2409
2022
1909
409
538
471
1008
1749
2573
986
2339
497
426
2381
1655
1445
54
990
530
610
2076
1451
1547
1482
2839
260
460
128
431
1038
2107
423
1179
1118
372
829
1817
1599
1434
154
582
2566
242
1414
2793
1684
2992
662
2293
504
1238
2053
100
2416
855
2981
1097
1107
455
1050
2682
390
2234
110
2941
1697
2832
2172
2135
2337
2250
49
1598
2507
1191
976
2571
1866
1080
1963
377
2292
383
2577
550
2733
791
2519
793
2556
469
1444
1253
540
1319
124
1350
2354
1584
344
114
373
797
1129
2087
544
837
1990
596
995
661
1423
1910
2470
714
828
2714
2837
475
422
384
1870
522
1625
1330
1590
2258
2413
2960
1140
2110
194
1840
2509
2162
1096
72
707
1530
188
1359
1074
2776
2272
2312
1095
58
2542
2094
732
1518
629
1108
1568
567
2619
1090
2181
1834
1213
1748
90
1046
83
1637
821
355
2106
789
674
2036
928
2564
2342
656
2218
1476
2452
2214
1731
2926
2522
1421
27
2944
1951
2605
908
1651
2627
123
1570
655
646
252
1192
452
2096
2768
2056
657
185
197
2150
2108
1906
233
818
118
2143
1114
892
2893
592
2609
2319
984
877
2611
2084
2098
2668
96
1156
1735
600
229
1132
876
1367
2459
888
42
1548
2200
2321
691
1000
2137
1604
2152
2831
1088
1617
2810
2038
228
734
1679
357
2130
1845
1928
36
735
2584
2499
605
1480
1408
380
1791
2649
1562
981
1256
2179
410
85
399
1711
2142
295
1534
962
515
1251
1459
1880
24
1592
1267
1243
370
508
568
2719
671
1058
2430
159
2685
1693
120
618
1363
2249
571
2346
2082
2546
2336
2762
283
768
1850
1436
2512
2296
2829
2561
69
126
2453
2919
2322
1899
1671
2936
706
2046
1162
87
1920
1539
727
2445
2423
1808
1774
442
1669
1255
263
2364
1919
634
1806
738
381
1468
2209
297
1844
672
2090
608
2473
740
439
2999
2428
1033
1597
2617
2778
210
1180
310
2420
1784
1302
322
1292
1378
566
1622
1232
37
988
2366
989
2193
2289
1294
1997
757
1017
1187
1420
771
1887
1285
901
2681
2294
542
1925
1386
883
1856
132
212
1620
2299
1383
709
2786
2583
2563
98
994
2594
2633
682
1942
731
838
751
1217
1546
1364
1869
558
2718
2119
2558
1034
299
2072
2503
28
287
1030
187
2916
363
2382
2122
436
722
183
2242
1958
904
715
249
2780
1702
1589
1199
2747
2244
1879
1573
396
1520
433
2751
1450
395
1783
2755
1800
106
275
1464
2259
2826
2622
1306
2132
1662
2530
1824
247
1818
1888
1558
543
148
1795
2608
2432
899
817
1927
1559
1264
2845
1100
1290
494
2879
1647
1070
1515
1538
2380
408
274
378
1109
2411
2314
966
523
1235
2582
2811
652
2744
2327
968
1065
1828
1687
744
1505
1788
256
2120
516
1588
366
987
2506
2699
2977
1566
168
1681
1067
630
211
615
2264
1340
2750
2080
1472
1307
1542
2905
1370
1250
1328
2001
1743
950
2047
2190
2996
2912
95
1277
78
2163
1168
446
2079
2230
411
1185
161
784
2123
1621
2267
2431
1465
1169
29
406
2236
1957
1035
2855
44
1921
993
761
2019
2997
2462
2942
747
509
1102
964
1275
1446
2182
48
773
2177
1477
1664
1144
1170
374
2058
2144
1982
825
2196
2297
450
1738
147
180
2892
733
1202
1610
1123
1018
2443
179
2448
133
329
2369
2862
559
435
2016
466
294
1453
1381
785
1351
2088
1890
53
2970
2553
193
389
511
583
2045
2993
1992
2871
832
2401
2774
2788
101
2834
982
2254
2631
701
2460
93
1798
1220
1456
1713
1178
79
1430
99
358
2441
2823
201
2165
2012
1609
1362
598
643
985
2194
430
465
1297
362
257
478
1682
1146
1554
916
1704
2065
2662
2938
2543
2538
321
1379
1529
186
2439
2597
531
1545
1127
112
1523
304
1516
918
226
573
1680
2983
1773
2204
2262
476
419
698
2591
890
675
2269
635
2170
236
1061
2310
1427
86
743
1013
2371
1769
1665
2791
575
1467
2524
1059
1490
1841
1949
545
463
822
219
2048
2396
1173
1970
2722
2197
2742
1672
2206
590
685
1425
920
606
602
231
1945
1245
1976
1152
393
2268
459
1009
2015
2536
565
2881
1036
1644
1346
368
868
788
198
308
971
2340
1877
2518
1509
2093
2846
2496
1790
2291
2178
1907
940
518
139
2063
1747
241
382
2736
2770
2702
253
176
1458
119
1198
2494
693
2853
1810
432
2187
2288
640
2498
1409
1276
1062
2071
1835
1201
174
2967
1882
1084
2549
218
857
2897
2020
1438
2041
2282
1701
2018
2638
2830
2252
2189
232
266
1675
2099
1031
1706
277
1961
2444
2031
1177
111
489
2535
2991
1732
2812
2801
1761
2398
1903
2033
1745
1336
1830
929
1158
1032
2667
2745
851
1087
62
205
2057
2779
2728
2550
2330
454
2954
2367
1705
1103
2253
1991
117
1228
2968
1793
2969
2592
858
1298
2134
2715
1483
130
1633
1646
1130
1663
334
1935
1541
2353
1772
2864
1469
2185
1849
1766
803
397
2325
570
1999
713
552
265
314
2953
2887
536
2636
1833
34
1385
2634
1120
251
238
1354
2756
337
2835
2373
1977
907
1474
155
2352
1051
2173
501
1668
2400
2521
2849
1636
1729
26
2807
2963
1027
2467
2313
802
997
2002
1737
1219
1428
1360
303
2138
1631
1303
1873
2817
2767
64
956
1145
1454
2121
798
894
2186
1964
2440
1670
1807
2456
1318
2533
654
1950
555
1487
2159
1673
458
1780
2956
2687
2487
755
1463
900
178
2752
2790
2174
92
2579
2450
2368
2985
316
488
1826
235
2302
974
2603
2300
2344
943
690
261
2717
1246
1218
1284
457
76
379
1043
1272
1075
499
2279
1799
41
1513
2183
289
774
2228
2005
1968
203
2877
936
648
587
1183
2935
1416
244
622
94
820
405
1863
1858
1860
418
1429
16
1861
2009
2276
2716
2651
33
2859
595
2391
220
12
388
1632
470
2955
264
767
2029
2640
109
2273
307
2037
2334
1923
737
23
2014
2418
1497
2902
1926
903
2315
1462
924
1193
376
1401
1962
1313
816
2433
1969
1016
1289
288
50
2131
164
2933
1985
2802
2169
2341
1240
826
609
843
854
221
2125
2732
809
2129
415
2140
0
564
258
1837
1720
2903
831
2601
2863
493
2856
2220
2848
2377
1494
487
599
2598
285
1603
869
778
2488
2402
922
243
375
2175
2024
914
2095
1045
2570
2388
1878
1975
1092
678
932
814
561
2889
842
39
2263
492
1390
319
2324
2290
1457
2052
746
2965
1105
1424
192
865
2247
2748
2068
1611
1658
59
2927
2562
1495
345
2857
1460
1908
1666
2049
2157
726
2164
2565
728
2982
2867
1686
1106
1654
387
2995
1230
1104
2446
1223
1763
845
1816
1519
1339
2458
2212
1973
2686
1676
1270
2625
1155
556
2901
1356
699
913
2415
2111
1338
874
496
1715
2237
730
1326
589
1209
873
1413
1691
1762
2655
1301
2283
1971
2868
2350
2387
1486
1493
2589
2410
2070
335
1040
1896
2921
150
2575
2091
917
846
166
1085
2704
577
1695
2504
2708
823
2959
2331
1532
867
1924
2645
2929
1234
1064
165
66
1553
2104
1574
2126
1500
2520
951
702
783
1503
1630
2243
1029
2701
1615
1345
2947
711
1159
2785
1618
11
272
1113
749
1393
30
1001
456
2773
902
2648
2497
143
2796
2176
841
1725
1938
1249
1322
1894
1876
2738
448
2899
2361
1531
574
977
2798
1932
1344
1039
414
367
649
2743
2568
742
2040
2690
77
2156
2909
2799
269
878
1287
292
782
330
1937
2025
2004
2922
1777
51
2551
2595
2399
1396
2171
1498
1716
315
2754
82
884
697
1624
1565
2270
2971
547
2482
1794
1775
2102
2235
2089
2485
1692
741
1395
2349
352
864
240
1324
425
953
604
963
790
2457
2639
969
2860
1859
2217
1141
1316
1974
2233
1779
2957
1683
729
753
1881
2769
1021
1478
1448
2054
765
131
2492
2962
670
781
67
1912
2656
679
1577
137
2980
1983
1557
667
222
760
1056
107
2303
1635
1823
1898
284
2671
2642
1334
941
2301
2816
2652
603
882
1884
1311
2066
2878
694
572
5
1281
1612
2105
2739
2777
1321
1563
468
712
1871
553
498
2241
1280
624
1591
2688
325
1066
97
527
1904
324
938
348
121
108
1315
946
2659
1388
1405
2821
2911
909
2116
18
586
2326
145
141
6
1384
2616
2939
2115
1329
1600
776
625
2585
1667
866
1996
2886
4
2866
1916
2261
1222
2274
2730
923
91
2646
2658
1283
1653
1980
1634
2782
1759
1293
2180
73
392
1537
1304
2703
1134
2946
1309
1572
2888
942
614
202
2083
1836
2028
291
960
473
206
1854
1026
2489
1726
189
1829
2284
2223
248
1391
637
1348
80
2215
1419
1491
787
2298
2392
2657
839
371
1502
160
636
1511
2407
1995
836
429
2069
519
1678
2435
616
1221
688
45
1274
2895
2673
2085
810
1200
996
2885
2114
935
705
980
2654
2532
2932
276
2698
2721
1540
1703
140
2761
1853
2465
2221
1580
1291
794
347
2417
2101
2472
234
759
827
1796
1709
237
2898
1119
349
1176
2815
1368
2809
1455
1
1380
1003
1721
336
2789
804
55
1205
1760
850
2442
1412
1607
612
745
412
68
1846
1349
104
557
967
1900
872
461
2876
1575
2987
464
1197
1154
254
1649
1581
2271
998
1756
2073
2136
2986
584
1939
2061
835
2695
2239
1918
1765
135
1271
1305
2449
549
2317
2684
1479
296
620
2451
2425
1639
359
1398
1082
2257
407
1648
700
2362
282
2875
1966
1521
766
626
2491
224
1216
2255
949
208
937
1643
762
2613
638
2820
1215
2948
861
331
1892
1317
2161
1174
2794
1656
311
245
628
1822
1917
1972
716
209
1832
859
1746
105
2335
1872
170
1172
1116
853
639
1689
601
2572
1057
653
1809
342
2320
1805
517
2800
1415
2511
1147
2961
2207
279
2348
1260
1060
2251
1524
1325
1988
2884
2424
1320
2372
158
754
2168
214
230
684
770
680
510
2146
1946
1372
1623
255
2517
403
717
2647
2797
1501
1266
1770
1094
562
1902
386
116
2030
2222
31
2825
1312
1189
687
391
2208
2323
369
669
2100
1342
1736
7
526
2915
1820
532
2184
2078
1613
2128
2414
1744
2351
2723
2557
1601
2422
1361
1005
1757
533
2539
2913
611
2363
2637
1071
2514
2166
2032
833
1959
1851
1606
2749
2370
1993
2838
1343
1369
1194
177
2356
1327
134
445
2191
1254
1112
2795
65
1641
1905
356
2394
896
1399
2548
2851
1389
2359
856
2808
1936
1015
2547
1831
1862
2059
1077
35
364
1674
2021
1811
1712
2043
2534
1157
2103
216
2931
666
2620
1897
1708
338
25
2042
645
651
1812
2285
401
2692
1299
127
2436
57
213
353
1797
2260
1825
719
2766
2623
505
2593
1605
1041
1239
1371
613
2883
1196
184
1752
1981
710
2248
1915
2427
2343
1148
1955
2229
1181
1528
1941
1143
692
2481
1004
1931
102
2051
1224
2713
2256
1525
1308
1237
2495
1347
2930
650
1911
495
2118
2389
1258
1279
1247
2841
2764
1710
840
2155
748
2064
808
897
2528
905
343
19
2824
663
1549
320
2689
2464
930
1717
196
115
772
1278
438
1153
2117
898
71
1571
1857
2694
927
619
2940
281
1510
2397
1161
2943
1310
1564
1166
1262
479
1079
752
1543
2278
2390
1868
2614
594
1402
2576
2691
588
1596
551
1767
2869
1331
2753
2266
2554
2644
1629
1786
2629
2023
1167
1507
1741
1300
2712
1847
1442
1517
1365
2006
514
2661
1875
2989
1492
1410
491
1037
416
521
2612
2641
2900
1055
1006
175
1195
1512
1587
2596
2979
2666
1117
1449
2438
2307
1099
512
2205
718
152
1803
2286
2578
799
482
1069
1733
1699
2463
167
779
2896
1236
1813
1722
1650
2920
2707
2872
1638
660
1640
945
2827
1110
1776
2727
2624
704
591
2355
2880
2338
182
796
1723
2628
1556
1913
1484
2148
1852
2385
2670
2010
2013
769
1233
2224
1979
597
2555
2814
2412
2124
2203
631
972
13
1049
2910
756
1994
1184
2393
1522
1011
2843
2674
267
2697
1792
312
1730
642
2840
2219
2308
1901
1078
961
1751
1789
1864
2316
1814
75
1207
777
1443
1555
2836
2599
1700
2050
1261
1136
2602
1628
885
786
2077
1986
1053
2471
1778
350
61
1608
1435
2882
2000
886
1357
151
948
1125
1842
686
385
2386
2
2275
2060
806
1093
1943
2925
2588
1411
351
2139
1406
52
2928
1978
142
43
1536
2231
891
2469
979
1685
581
1688
156
2683
1252
2466
2737
2113
1028
2160
576
2632
246
400
2772
2213
1885
271
163
443
1508
417
2287
398
1175
2309
2508
1441
483
2153
262
579
2679
215
477
1848
21
204
169
81
970
2149
1889
1263
2569
506
490
2917
548
2781
1226
2842
2109
2097
1579
2483
2376
2426
1645
2803
3
1758
2937
830
2813
764
2526
1815
1382
2874
250
1499
1111
2210
1054
535
1782
1485
2783
607
627
1115
2074
2660
2952
1652
812
2672
1883
2850
2604
895
1332
1576
844
2199
617
2950
1801
2873
2484
1930
70
724
2304
880
2643
1551
569
306
1583
849
1139
2765
2586
122
309
2523
2709
792
2805
919
1121
1984
2958
1550
1698
965
1952
2924
2908
22
665
925
541
2700
2693
447
2429
2468
623
593
1171
2333
911
1376
1366
1165
2621
239
2804
2357