4000
2679
3345
1011
1760
3121
2554
3182
332
1162
75
1781
41
2244
2608
1828
2888
3754
2577
255
540
3304
486
1355
3544
1931
3840
1208
2249
2010
1380
3151
920
1425
2080
3694
1416
3747
3176
3076
1019
1952
2349
384
287
889
2111
1996
286
1924
582
1424
829
207
3900
3055
3842
472
3838
1156
2647
2205
257
2900
3032
781
1945
2700
2223
530
1220
1418
2347
3426
3807
983
3067
3863
3983
863
1917
1593
362
1466
3869
445
3384
1725
3382
2275
392
323
3780
1337
2660
3876
3806
619
671
3362
2512
3477
751
112
1449
2787
3791
3332
199
1788
3309
3584
3644
3508
2819
3533
1837
678
3796
2538
2169
1920
2319
740
2669
1536
2527
564
2436
400
2262
454
2751
3429
649
3045
3683
305
2110
3596
1447
3673
3571
789
3251
1399
1411
243
3378
1409
3956
1676
1351
2139
745
321
2197
2760
473
3975
1288
2980
2918
1716
1269
1198
2012
3992
2914
747
56
2006
963
3303
1939
1813
1769
3444
2717
2272
3284
1822
3712
2
2639
2604
1112
345
2921
2772
1160
2067
3142
870
623
1359
3615
3692
596
3222
3219
527
3751
1926
2498
296
2106
2990
1232
2881
3988
2407
2420
464
2206
1563
3735
2854
3959
837
1825
3249
132
1541
3689
325
3333
33
3800
1460
2557
2942
3558
1215
909
3940
354
1576
514
432
3783
680
3206
2899
3978
182
3007
1780
3710
2775
1733
979
2821
984
1101
2454
2889
2591
3932
393
1412
1444
2954
1434
110
2903
3074
3401
1472
295
1202
1560
3757
1896
3410
1436
867
2943
1071
601
1600
776
1932
1390
294
2332
2028
3784
2286
3675
1068
425
2098
1191
1722
3802
1405
3034
1193
1262
1192
1287
2142
3880
355
451
1440
3201
2356
517
1039
1417
3084
1928
94
3711
687
605
2320
836
3301
2027
576
1375
2763
3071
1325
1859
854
2473
816
507
2879
3911
2825
3313
1377
2375
2396
2381
3347
3836
133
1008
2575
186
3656
3047
1087
1515
1848
333
2648
3134
3963
1223
16
1362
762
2624
749
401
1638
57
2428
3943
3409
947
1535
2644
901
2704
3078
123
3194
2849
3039
1279
3154
3008
2242
3038
419
3190
3763
882
2339
2351
2657
1620
97
1836
1816
3
705
3853
3016
2298
2983
821
1361
1219
1892
3488
2090
3181
2099
1606
1938
3652
1464
3118
1980
1571
2315
3387
226
554
2241
3695
2678
3191
573
852
2071
3040
1136
2823
1163
753
3573
3104
3850
3955
2924
703
3999
1916
768
2650
3068
140
1089
1141
518
2967
1497
876
2424
2361
1640
174
3315
1779
3946
819
1800
658
953
2470
341
1552
3514
2664
3787
2789
2227
2895
591
1757
343
1091
2277
2504
2163
3271
3743
3308
274
2437
1246
249
1090
3930
1986
859
2505
3432
1304
3094
957
2938
597
3624
1844
3138
328
1119
1481
1292
3960
2665
3291
3970
1611
3933
2231
1867
1020
3305
462
2971
3981
748
1401
2378
809
1342
1639
2105
774
561
1616
3449
3719
1602
3318
1705
767
2949
3216
622
1486
675
1376
3592
1546
2537
2301
1479
1840
2322
3628
1997
2265
2956
1881
3815
1998
2811
314
2450
1122
1708
193
3917
3453
3120
1746
1601
974
3803
2415
1453
3484
3580
1047
3790
1874
3475
2036
629
505
508
1787
1261
2023
2907
1393
3822
660
2707
2526
492
2362
3631
1618
2126
1012
3114
796
1718
2584
2628
2619
379
3252
3681
3231
1832
2312
1511
1981
2625
3026
1007
1562
662
856
3765
3700
3456
3398
1345
982
2997
3598
455
1814
475
2186
1270
812
1244
2736
2543
2046
1690
565
3746
1321
989
3434
244
3294
2137
1009
1765
21
371
51
1925
698
2063
3733
2493
2553
3406
134
850
1750
717
800
2084
2691
3859
3368
282
1
3927
247
42
3797
682
2551
2837
2675
404
154
2812
2389
2054
3476
2460
2964
1759
311
2138
562
1445
2074
3551
1132
1002
7
2516
976
2305
19
1201
2183
2039
1544
759
398
3073
1069
928
2047
997
805
987
3457
2852
2398
3014
1957
266
1228
3221
523
2578
2976
646
3388
2645
3660
1583
636
3062
977
233
2405
3399
352
638
1427
2568
3555
3402
3270
313
799
1526
1105
3679
1667
3212
1397
541
1147
2410
712
3147
3133
109
3489
1443
2541
320
2453
1812
441
3160
2698
3502
3834
3043
1329
3010
3260
1823
71
2456
2278
62
1343
2269
1275
3888
2159
838
1818
3512
563
2606
1457
1737
3207
1700
2720
546
2937
1053
938
2020
3647
2968
894
1728
3965
2809
2057
232
2211
2171
2476
44
2574
2844
3491
64
1745
54
1256
2224
511
2115
1644
2986
3657
3485
2188
3610
201
3588
616
3266
2873
2988
146
2004
704
1366
1183
3418
1770
824
1853
921
3961
3412
3547
3499
3619
1664
1689
650
783
2384
277
3690
728
3901
2635
975
2358
2776
2580
2617
2344
3903
2722
1821
2714
710
2529
3145
3146
2740
2337
310
3739
1912
1696
2686
3574
1868
944
2668
3143
2520
3354
3341
2497
3046
2523
1408
3175
3430
1804
1717
846
1349
3126
3635
1961
3438
3367
165
2589
1166
385
995
1748
1152
960
2756
910
3110
2421
1740
3413
1516
3866
2596
2919
1476
1873
2637
433
2846
1146
2936
2721
2607
488
2757
2950
1653
2218
3577
1683
1607
338
3532
318
1801
142
1145
1004
227
1209
271
1477
933
919
463
3519
2659
893
1272
297
1164
281
1835
2140
2355
3864
1796
3997
2118
2894
1649
3931
792
2076
2908
2162
3756
1061
151
3373
427
3424
2491
3819
2160
1092
631
3525
522
2015
574
1772
715
23
1685
2966
3896
381
361
240
1797
1876
822
3188
2600
881
1682
465
2560
904
2806
2502
3290
2271
3254
1751
2674
2941
159
3967
1508
1487
2483
336
476
2815
1670
3416
410
3534
2671
2798
386
195
2897
3029
2958
3986
639
2397
2210
1597
1908
1267
2790
303
1956
2146
3272
3396
2103
3377
2372
3397
2345
2748
3602
1799
1879
2441
175
3568
3877
3391
833
3064
340
907
2383
2859
2741
357
1057
3112
625
2376
3936
2327
529
2011
2535
2824
788
2832
702
1388
3090
95
2542
1559
3898
3395
1627
2863
2467
1459
2005
3844
3275
3161
2802
2860
3906
2501
2232
3490
3511
279
3718
3908
618
3174
1062
843
967
2962
2744
1374
3106
3123
1960
1159
3261
197
617
1230
180
1686
600
936
1995
38
283
2051
470
2564
3878
503
2677
613
1299
3915
2646
770
3650
2690
184
970
3352
2482
3559
484
1115
2109
173
1289
2257
1933
3218
3814
3433
3524
3738
1433
697
3594
880
569
1699
2044
3693
481
3982
272
477
3726
887
3096
1461
868
3102
531
315
2618
3871
902
1943
1297
2719
1013
1657
3020
992
1775
1537
1734
3736
1557
1326
3855
3169
2803
2510
3239
1128
2280
3006
422
1369
1884
3948
3463
3276
230
1633
1234
2449
3357
2621
2316
3417
1218
3832
3325
2540
235
1970
2970
2638
1052
152
3984
626
1034
3372
53
2030
1414
3912
1550
3101
3264
1983
2791
3226
259
426
1142
1905
2524
1794
1493
2840
1273
2465
3461
1032
828
111
2247
2792
306
1114
2086
3037
666
3337
1396
1187
3116
1085
2029
2466
3704
2935
1126
3725
251
3701
1851
3469
1138
378
1104
577
45
3563
3233
2364
2609
2788
3465
3779
414
237
757
1298
3607
737
489
369
3989
430
2056
807
1340
3297
1564
3895
2884
3100
1833
3454
1432
254
2200
1093
1310
624
1973
3451
1766
1893
3870
664
1927
3620
3528
2839
810
2283
1904
2479
1437
949
3538
1135
2871
883
1251
24
2877
1365
3115
188
2780
2878
1863
2828
2192
3450
3626
2612
1888
502
2234
1870
1500
2985
3886
1097
2472
820
3665
2522
1026
2085
3072
178
1239
3887
2144
1158
1791
3124
1514
2957
1803
722
1035
25
542
3210
2663
2536
3691
1692
20
298
3253
3359
620
672
3642
2559
2413
2762
2725
1357
2627
3768
3470
1727
2213
504
3285
3021
2177
869
501
3296
2494
1313
3539
2661
2785
316
2161
1216
3422
1107
1402
1684
1258
1043
70
1030
1972
2229
510
440
3772
3730
1070
3752
103
1934
347
302
1448
3913
2185
3658
1815
360
3766
32
3358
3066
3649
673
1978
516
732
3801
2893
2069
1042
1574
1577
1964
1612
3069
1168
922
2251
3050
351
3351
3329
1953
830
3914
3274
525
1767
2801
966
2168
1498
1656
895
1894
766
795
1120
2240
1588
2770
2353
3238
418
1335
1666
2073
3316
701
3307
2368
3556
755
3761
2243
3289
965
2928
3715
1842
2255
2064
1963
3612
535
1651
3292
160
3773
3480
3829
1937
2194
497
0
2228
3103
1051
1475
37
2981
1707
2797
1203
1954
3595
2592
1451
1968
1679
2346
3383
2548
534
551
3334
1079
83
2290
3178
2419
3862
1915
1982
1756
719
714
1450
1744
126
431
3770
1363
2911
1384
2274
3052
215
3661
3365
466
3059
1116
2297
1303
3452
2226
3764
2279
1861
3579
1529
727
2313
1308
2979
2390
3299
1634
399
3971
139
47
3063
1431
1372
655
2614
3244
3991
2867
3633
2040
1936
3131
3386
661
3890
1783
556
2430
3717
86
972
1993
2820
2477
1786
81
220
2755
3482
1125
3731
3364
376
1467
1227
1899
1592
308
2417
375
1468
1900
2129
1504
1260
1838
1999
1719
844
2007
3755
1293
3164
2481
1016
3048
1371
3227
480
3753
2602
2545
632
2191
3720
549
3622
2017
2317
406
2521
1250
3474
528
1974
2303
2620
1259
2489
545
2392
896
210
402
3342
2696
1190
3677
239
1713
2025
659
1949
1554
950
1551
1123
2198
2934
3513
3405
1624
3867
435
1040
2508
888
877
3258
206
2149
1049
1029
2439
18
124
3732
803
1452
1319
3235
3811
2331
1106
348
1513
2294
1473
3884
1530
60
3789
1485
212
2783
3079
608
2630
806
2022
3392
2058
2435
1407
3314
3180
1524
2459
3051
221
2131
1877
3041
572
3825
2673
3861
3671
2582
3044
1645
3593
250
2880
1621
1015
2239
959
3962
203
3431
1525
365
458
2141
1314
519
2334
951
835
3089
3108
1971
804
2167
918
1237
990
1066
3972
2382
2640
3585
3645
1572
2814
2307
1102
2135
3637
684
1490
161
3278
3707
3875
2179
326
2856
3385
575
2961
3139
1206
2091
723
1739
1585
2603
1922
839
2199
905
2910
300
886
1217
342
1590
2284
2190
2038
1373
1248
860
2643
864
2528
1636
1738
3823
3560
879
366
3349
3680
3209
370
734
1328
1810
2623
3758
270
1847
2998
284
2951
1252
3229
2440
513
2917
2808
2065
166
2184
934
2688
610
15
1665
3843
1854
3081
1344
1720
285
2287
1341
3987
1478
1456
1348
291
2024
2558
3582
141
761
1752
59
2752
1435
2932
1242
2431
2702
1555
641
3058
3003
3953
1883
245
2117
1845
1726
3279
234
1969
592
3317
784
787
1703
742
581
2174
1075
1967
2083
2974
2155
1846
2387
1628
1768
1907
2601
2913
1773
3319
1285
444
656
105
3437
2731
3897
3268
2447
3054
2261
46
185
3776
2805
2866
571
3609
67
1994
3668
335
3033
1130
1001
2500
388
853
3541
150
756
1521
1929
3311
871
3713
1264
1492
3831
2070
2586
2264
2555
1502
899
3923
1277
2519
1063
3472
3662
3400
2649
2777
3171
162
1404
3771
3993
3228
43
3907
363
189
3687
2613
2885
2042
1364
3858
2002
778
2781
1650
2289
790
499
3269
2156
3954
3885
651
1626
368
1483
1236
2418
3236
771
2104
3213
3053
2165
334
2978
1281
2414
3817
670
1880
2127
289
3902
3646
3286
2533
1878
3129
403
1078
1400
3109
409
2222
2850
1843
1176
1173
2043
1067
930
932
1197
3200
1082
3611
2367
1533
3545
3699
1491
929
452
2692
1534
570
669
3493
2455
681
3245
3805
2492
2072
692
200
420
395
988
1421
490
754
1946
2682
1569
2128
2842
3686
2563
1094
653
2718
3995
3808
14
3199
3225
3653
353
1549
3994
1100
2583
1471
1188
2310
1276
700
3321
3804
1561
66
2993
2045
3280
2765
2496
891
346
3407
1820
911
2092
2341
2152
926
2276
962
1776
1170
411
2282
1695
3302
2096
1556
2288
2734
1807
3282
2901
2509
2081
218
2513
74
2793
2113
1715
3856
3722
862
3794
2641
2499
1124
194
356
3330
87
3737
3005
2822
1753
1137
2371
1871
2778
2631
1817
461
1613
2377
13
2209
1599
559
2175
3414
1909
3678
2446
603
584
2342
104
1410
2525
996
3565
1429
1003
3839
637
213
3187
3618
1771
1181
594
1710
548
954
3709
3111
2256
1635
2587
793
1944
2093
2656
3655
3141
2749
153
1579
3670
3935
1023
2706
694
2845
1327
2833
3498
1253
3027
586
238
190
2940
695
3813
1338
1171
3404
798
1290
93
145
2348
1642
536
3195
1283
986
349
3049
3966
304
3818
2874
2404
506
436
219
3759
116
3741
2848
3958
496
2182
1309
3942
1501
1324
276
2684
2052
2429
2318
2487
2178
1857
2905
3492
3767
1866
3872
493
1080
779
3105
3324
337
3353
3812
713
192
483
685
2799
2835
3785
2713
2021
3523
3471
3676
3729
2221
2875
2727
3019
3716
1054
644
2912
446
2898
2336
758
1415
841
469
2088
3436
1693
3617
1111
299
831
3848
3203
1391
2037
2285
127
3247
3639
2556
2870
3125
1318
1777
1919
3629
3455
1869
1482
1231
3370
442
487
2838
2931
3036
3854
3119
1741
699
1948
290
3162
2766
3604
780
2488
3295
1356
3192
1865
3909
1428
76
1652
3641
3509
746
100
2896
2916
808
1617
113
1580
2409
3905
1378
955
2386
3749
1005
1826
1672
3099
924
3860
2882
1942
339
380
3023
2173
2008
524
2923
3445
2464
3165
3293
1065
3697
1200
557
322
55
1991
3603
2335
1663
3462
2003
2220
709
1420
3727
164
1014
1072
1841
3234
3920
3846
2667
2651
3077
2490
2263
2728
3714
2550
903
2827
2434
3666
3132
718
1731
98
364
3721
217
1985
1527
2539
3723
1519
1306
3572
1205
1984
1940
3458
2729
269
3097
450
2154
858
1729
3873
2236
1301
2567
1213
1566
1117
3152
3969
2633
3507
815
2484
2857
2892
3166
2468
3057
2747
2927
2300
1736
2089
840
3510
2761
2214
2452
3578
1678
3698
3851
2416
898
3952
3788
1312
3899
3381
2829
3265
2181
579
1140
1144
729
3360
3526
2122
3380
3095
3775
1829
143
1704
2746
583
453
2016
1438
437
3464
2569
1553
2478
937
3017
667
1179
68
358
2216
2399
3548
2457
2326
2830
3273
2480
1698
777
3957
265
1958
1809
1694
1392
3760
2055
3874
2864
683
1103
3153
720
3546
2426
2891
3782
866
1565
1368
690
2503
1271
743
2858
91
3744
3389
2689
878
177
1320
1381
2299
35
222
2594
1045
1211
711
923
1762
3135
2035
2338
567
599
3420
2248
3664
288
3945
1903
1598
413
2610
1488
2767
752
3466
3919
3910
2576
550
1108
467
3828
2180
73
2709
3696
587
3769
1989
181
1282
1901
634
63
1834
2959
449
1118
2112
252
3435
1249
3087
460
900
801
3497
1354
2999
3865
2597
1167
2716
261
1024
1706
148
2292
3566
494
1240
122
1789
1614
3575
3241
2693
2018
3830
2060
158
2114
471
3379
415
2807
604
1697
167
3011
1507
102
2920
1150
3419
1291
2019
2059
1379
3197
1305
3616
3408
3172
312
543
3527
439
1531
1584
2517
79
101
679
1543
1346
498
2306
2861
1229
2834
730
3173
2097
1224
12
2862
172
1604
1966
264
3205
3257
5
3893
1302
2909
2324
2890
2145
2572
1520
2847
2153
3441
1540
2562
1595
3536
90
1385
621
980
2552
1782
1495
3504
2992
456
1387
163
309
961
2743
3793
520
2965
595
1499
1442
2250
1322
2309
2818
2101
121
3486
30
2953
2948
2458
978
3974
832
3550
1671
1654
3537
1785
1632
3667
1207
3080
2794
2694
3198
267
3157
1755
2350
1623
2676
3505
2475
1081
367
2585
2365
2014
2062
1646
1255
3098
2534
3708
1895
1422
3156
3177
6
3601
532
3868
964
2703
3136
914
3000
1902
2100
2622
1677
3501
2485
1965
2195
1413
2515
1121
3467
2235
1754
2771
3065
3281
2125
1567
3543
657
3248
948
1247
118
609
2333
1021
1849
3835
2329
29
144
3889
1570
2033
2944
738
3980
88
1095
3240
3928
3478
176
387
482
2026
2094
2259
834
931
772
2549
1083
1795
3774
3150
897
2233
952
1470
3393
526
2013
782
3947
3255
34
2369
3355
3925
3030
129
677
2726
2902
2330
1463
2402
1243
3816
3799
1263
407
2758
1088
421
2865
3189
1025
993
1210
171
1885
2203
2123
3448
647
157
2380
1028
3518
2887
2532
2078
1890
2547
1950
2130
814
3882
2681
1898
2579
1889
106
3674
2826
2593
1474
2511
785
3740
1041
593
3024
3185
2000
275
588
61
2626
82
2636
1988
890
945
3937
3242
1619
1587
3506
2929
3625
2795
84
1274
2143
1637
724
3208
2531
2164
2705
468
1774
1992
1204
1382
434
2782
1494
2735
8
3204
912
2571
2158
2817
1484
1778
935
1806
28
196
3001
3447
1662
2642
763
3792
3951
1386
775
2151
3127
1178
443
3979
1295
3468
2196
1582
1184
602
26
515
611
3494
3728
726
429
107
1462
1882
1875
773
1370
2001
3443
2370
155
707
1911
3356
1687
3892
1254
733
691
2258
137
2977
1406
69
1660
96
3137
136
3847
2836
1441
1547
114
3944
688
2308
940
2946
1294
2955
2394
1568
1017
3335
1139
2273
2360
99
2753
242
1784
3837
119
533
1336
3411
3881
1723
968
1941
2193
183
1947
256
3706
2471
2266
2034
1512
2469
2433
383
78
3535
3403
2843
3440
2325
147
216
845
3183
156
2032
3786
2391
2816
3778
3540
2451
89
791
2712
246
1824
3496
1059
1758
149
1959
2708
1712
58
2915
2632
971
1641
1625
3651
3350
80
2082
1221
3481
292
3425
1523
3250
2208
739
2444
428
1311
3371
3826
3256
2883
2784
2724
696
3643
794
2699
3516
2994
1074
2166
2654
731
2461
3520
1360
3688
2119
665
2680
1862
3025
3232
3821
630
3061
1605
2425
2359
3122
11
2996
2448
827
3012
223
956
115
1110
999
2769
3363
1852
2270
372
2786
2403
3323
3904
1790
390
327
2750
818
1872
3167
3781
769
3170
689
2049
1133
1921
2872
3586
635
2148
943
2202
3557
2779
1455
606
674
589
3028
3522
1839
3339
2629
3002
3964
913
3634
3158
1675
2187
2136
1426
1510
478
3390
2075
1709
374
2995
1226
2615
1860
873
1022
2340
3473
2393
817
1975
3833
847
2715
3415
1143
2581
3632
958
1630
1235
448
2565
3004
3300
330
2853
2952
1175
2238
2598
3742
2170
3669
552
125
2048
2366
2945
1278
3237
2406
3922
260
3306
2855
1701
2281
331
885
1714
485
2987
2922
2401
1155
998
652
3128
939
31
3659
2311
1284
1622
3092
317
1591
3263
2212
273
2314
1680
1073
2670
3918
3654
2120
851
2595
3985
3605
225
3088
3554
3018
3460
1086
495
2733
2926
2352
263
3013
1395
205
208
1225
2422
1439
3140
2486
2411
3553
231
1109
648
1185
3515
848
1331
760
3762
1886
568
204
539
2605
1180
1735
3149
3326
1055
2796
643
2876
3086
553
1830
2107
645
2267
131
3824
3521
906
735
1761
329
3921
2925
547
3328
607
3487
1316
236
135
1027
927
3338
1050
642
2432
1856
1609
324
262
1542
169
1702
1730
1350
3685
3320
590
736
412
1169
716
872
614
229
512
2201
214
1315
1798
350
1334
1658
3421
811
3186
2132
170
457
2768
3070
2079
1749
3623
2810
3428
1153
258
3529
3542
3495
3597
1423
560
509
3366
1339
686
2518
1031
2773
946
721
2438
2982
1850
1006
3369
1596
2268
202
50
1098
693
2095
120
3277
408
1129
3427
1503
293
3684
1558
2813
224
49
973
3283
2652
198
2050
3883
2427
1573
2133
36
3950
1044
2947
981
2293
2804
3155
3340
3599
1747
1347
117
3060
668
85
423
521
1194
3503
1793
2599
3672
1317
40
1172
191
2739
3640
857
663
1805
3857
3810
1819
3705
3267
2616
2204
278
1058
1010
3750
1914
1721
994
2412
2904
1811
2474
2745
1962
1661
2373
2219
1586
585
3331
1923
558
65
3638
396
706
3924
2237
3085
209
1214
3310
3929
2655
2774
3682
797
3130
1643
4
1113
1659
405
27
865
892
598
1323
1046
1743
3483
2662
884
2442
2732
3375
1990
2254
491
2546
2960
1151
1655
2445
1196
3576
764
3939
2357
3075
301
3196
1913
3224
3056
3117
3581
1307
2102
1977
2886
2423
1505
2385
3184
1177
2723
1575
2506
1403
1906
2009
3348
875
1897
3564
3949
1910
3214
3570
580
2737
1979
2666
1987
459
3663
2053
2124
2868
566
52
1673
2207
3891
1033
10
1681
1594
1506
3159
3082
2800
1332
578
3734
2653
438
3459
2189
2408
2150
2121
3287
3938
861
1808
3745
2969
1465
3022
1149
855
1631
1195
2972
2260
1669
3163
1688
2869
1831
3217
138
3179
538
3202
2685
3343
241
1430
1446
248
1268
3973
1189
3926
2463
2374
1300
1148
3562
1241
2230
48
1398
3223
1127
3998
382
2343
389
3841
39
1367
187
2108
2590
2573
344
2147
874
2634
77
750
3549
1615
1608
1489
1266
2252
2561
3820
3211
1629
1509
1539
3591
1532
654
2323
2754
2973
3009
280
1131
2989
3107
1764
168
3552
2851
1333
1064
825
2759
416
2984
3531
676
2975
307
2217
2514
1732
1358
3361
2710
1581
628
1037
3561
2963
1154
802
3587
969
3977
1691
3312
3934
1056
1589
3042
377
2930
2711
2611
2077
447
2066
1480
1099
1077
2215
3621
1742
2296
17
3322
1951
2157
1161
1935
1389
3941
1469
2939
2738
3648
2363
3259
1419
1517
3852
1000
2116
500
3567
908
479
1855
1265
1668
1048
397
3703
991
2831
1603
2658
2031
3083
3262
3220
2068
1352
3230
1827
1233
2321
2991
2295
211
2041
3148
179
3243
1330
3376
3442
2764
373
3990
359
3015
1286
3193
1763
1257
1674
3327
3849
2172
915
725
3288
3446
3035
424
2302
1610
1538
744
612
2176
765
2730
1647
2253
3144
1076
2462
2400
3589
3246
1887
2395
474
1084
1096
268
1222
2841
3091
916
708
3439
2291
3627
1182
3093
128
2530
2566
3031
3795
3606
1528
2061
2588
1394
615
3298
3608
3777
3636
3590
1864
2687
1134
823
9
1518
1891
1858
92
1238
3827
1545
3215
3845
3583
1955
228
1186
1918
2246
1792
2443
3724
3879
417
1060
1199
3500
2388
942
2695
1454
2354
2697
985
786
3968
2087
2495
2328
1280
1578
1930
2225
555
2304
3613
3113
633
2544
22
3168
2906
3702
3569
1018
3630
3517
3809
130
2742
3530
627
1711
941
741
1802
1353
2507
3423
3336
1648
2933
391
1724
917
3996
2672
3894
3798
2379
1212
537
2570
1245
3748
842
319
3374
3916
1496
3600
1522
849
826
1383
813
253
1548
2701
3976
1165
3479
1036
3346
1038
1296
3614
1458
394
3394
1174
1157
640
2134
544
925
108
2245
3344
72
2683
1976