5000
3633
2175
1826
2609
2454
1521
3970
2329
1730
3661
584
3004
1995
852
4788
1010
2761
2785
3645
3643
899
1447
2575
4843
79
4299
1837
2256
3039
1458
1151
4785
1187
991
4686
2897
4832
536
2401
828
3658
3874
4893
1195
1469
4719
3328
4506
1564
4529
3331
532
4856
479
1408
900
1395
4069
4402
1263
831
4533
696
2407
4129
231
4935
1178
2319
1588
194
4643
1915
734
2962
384
229
1177
2141
2446
1474
1615
3154
1061
3232
1547
4341
1201
4693
4407
2105
4910
3021
4869
697
1692
1998
285
1406
495
921
675
1164
1253
2428
4638
4897
2902
1287
1200
95
4323
597
4525
3230
436
4985
502
2934
3888
1216
520
3351
958
3369
1914
1929
1573
173
1060
2995
3160
3075
4579
1349
431
2581
2466
3056
1404
133
3342
2911
1141
870
1544
3348
4807
949
924
1625
4938
3623
4119
57
3859
2409
2448
4101
1077
4549
2197
4005
2805
830
888
322
1003
3108
3838
2263
4077
1816
2165
1673
1223
337
377
1009
3403
1518
4791
687
398
4424
4735
1026
4134
3394
629
2017
2040
2890
3769
3263
3137
4963
2023
2872
3706
3665
4666
4831
201
3613
2517
3926
304
1920
3168
2676
4962
3500
2000
3526
66
4324
3848
1081
2254
3215
560
2502
4816
2700
890
2686
4425
71
207
3930
22
2521
2331
1274
4996
4709
4456
2018
4902
4629
4656
3227
1541
3178
3329
4372
2572
3370
3224
4065
4194
3231
2016
4097
1776
2933
4980
1413
1377
514
1439
2607
4589
2791
3488
1107
1645
3609
2262
2653
4461
2011
2309
4683
209
2355
210
3411
1420
2061
2839
2774
1704
2999
4354
719
1913
1511
1
2867
415
3189
1144
854
244
1293
4020
217
4725
2860
457
4
3151
1766
1311
925
1454
4058
4922
2267
1847
4275
4083
1268
483
4316
36
4374
1083
2749
883
1135
117
3703
1007
4176
1846
4367
148
3899
1341
347
4437
2895
2190
4998
511
1292
725
35
1903
861
2391
2804
800
3719
2416
39
4184
748
3207
2580
2851
2988
3239
115
3504
2332
3560
4227
2476
724
2873
746
3760
103
1620
4569
3625
3884
807
1329
3767
109
613
2346
1617
4859
2294
321
4264
482
4330
3308
4636
1528
1079
264
3668
4730
349
4314
2031
1679
4770
4039
2012
3363
707
1954
124
548
2343
576
2685
4076
83
1975
153
3406
4553
3932
3240
1611
4383
3748
3058
311
1628
4808
3121
1531
423
2574
4882
3846
1733
4572
354
1360
2304
2750
3455
2066
2737
3858
3529
53
1959
4259
3192
178
3728
875
4181
1444
4024
3290
168
1109
3864
4742
225
192
3671
1364
803
2027
3674
553
4074
1045
3208
1533
4245
2901
4153
2655
3093
4304
2798
4391
3659
2716
835
4606
2004
1780
4454
2773
2717
4465
3489
3031
876
860
4166
2308
1295
456
4726
2433
3082
695
4663
170
661
2114
4117
1206
4339
4342
3523
2330
1159
3737
1087
2333
2731
2068
1485
4234
4530
874
4443
3064
2174
136
821
3902
1833
1737
2983
2683
2369
4543
72
1416
1787
930
519
617
4428
2649
3252
4939
2714
4317
2393
3358
139
3553
2787
509
1497
4528
3037
2751
1374
2166
2160
2274
3241
3676
418
318
417
4714
235
41
4401
1812
2673
3959
1169
2341
3963
3957
3007
1865
1721
2323
3960
4584
728
3503
1051
913
4131
1931
3355
3197
2796
2508
4022
1180
3133
2766
1008
4990
1605
2735
2119
670
4395
2810
382
60
2320
3279
4999
4790
2311
867
985
4765
1685
3477
3020
491
4421
1372
196
1162
527
4252
1238
4145
478
895
4291
1652
260
517
4154
4590
1674
676
3763
4003
4105
3638
2072
2956
2874
3112
2325
4805
2482
2167
711
4388
1065
135
4260
2593
718
3647
2807
31
2633
2186
3123
2614
1941
1550
3707
1622
611
1318
2588
3755
3083
1857
706
2089
4626
1482
4982
2758
1317
257
1633
4811
3711
780
3572
378
2601
2041
3204
2196
3799
2232
2613
367
1872
2835
3095
1422
3666
610
3142
2265
3765
4941
2703
1646
829
971
1182
2721
3749
4625
359
411
1391
1877
48
4612
238
4585
4894
3421
643
4310
3446
3514
1756
4133
2894
3682
3673
1640
2646
3835
4597
510
2102
3702
2968
2850
2861
1792
3153
3271
3651
3568
2806
1376
74
1839
2816
4825
4328
4526
3998
2843
566
624
2961
4754
4017
4900
2169
3907
3901
953
1557
2126
3818
975
4135
3615
1793
4067
2602
2904
4793
2592
1671
1836
3937
3961
473
1876
2205
3999
2571
1258
2992
2626
293
4430
278
722
1973
1054
4398
435
533
2515
3259
1691
2682
2560
4878
3029
270
4468
1231
3720
3464
108
1769
2439
5
4783
4038
877
3548
698
3196
2760
1747
4670
2384
4046
2444
1868
3880
623
3627
1112
3693
3814
897
3630
2074
751
346
2450
4255
1297
3844
3086
2984
708
995
4697
469
4743
3246
2062
1137
4568
1094
550
37
3322
3400
2441
4818
352
3826
655
4241
2516
580
245
1507
2536
3955
1252
941
4746
2386
2825
2458
3132
97
4736
3598
4846
1409
4858
4676
485
4177
3186
4804
4824
1969
4295
250
2425
3388
3832
259
1634
1802
654
1919
1738
1472
4744
4091
368
297
4514
129
1789
1363
2845
2920
4675
2083
4599
3349
4653
2719
4970
33
2879
4877
3742
1537
3747
3367
4419
1684
3024
3017
1773
1933
4218
3311
3046
397
4890
3573
1466
3177
3341
1945
598
4880
3442
2615
1715
2260
54
4634
1520
1121
1797
2248
2462
4826
4124
2792
174
2641
3486
4758
3364
4775
3827
2526
1680
221
2434
81
4930
4928
4189
3479
3180
2538
2748
2185
4026
3452
3002
2830
3773
2002
413
4768
2789
2443
328
4891
2353
3382
4161
3725
4217
2153
1700
2189
1651
1545
842
2958
2081
2913
4885
1269
2660
3183
2743
752
4957
4220
691
147
2278
3213
152
2967
2479
822
1592
4151
3474
1176
3333
4011
1251
1300
14
3660
4464
400
635
4290
1149
2399
4838
923
374
4627
3312
1898
2763
2413
1707
4769
1425
2176
3135
3772
1056
1397
3111
1184
1343
3089
363
343
3339
4646
3547
1742
3992
3099
1470
1549
4799
1515
1455
3797
4672
419
3059
253
4107
2707
261
3606
1368
2811
1688
4168
3458
3639
2457
954
3438
4952
1186
4160
1614
642
2644
3405
2301
1160
3780
3448
640
1967
3903
2208
4723
4378
4432
3378
2249
3091
3498
2184
1659
4298
3664
1775
4055
2764
19
2045
625
3218
2722
2696
1693
1203
726
4854
314
3199
1452
2087
1753
2661
2233
4376
700
2238
3352
1923
151
618
4211
4444
3462
2498
1884
3964
2561
3391
678
4707
1249
3161
2837
1227
4981
3420
4991
2290
4373
1129
3812
768
2310
99
4550
1499
2032
4016
4651
2312
1412
4814
4913
89
2410
1578
1006
929
4668
702
2712
2474
3566
3185
784
1166
3472
3079
4343
802
47
838
2231
1102
3632
2042
4094
2326
1019
3881
2670
950
3051
2905
4565
2480
1882
3288
283
4157
2573
3730
2596
594
4019
4370
2427
3212
1885
1612
2297
1370
128
56
4789
2688
3558
4308
3376
3028
2234
2702
4368
2455
808
507
3709
2139
4198
1451
112
3053
3345
4126
1380
199
3519
4332
3432
414
4971
2954
2829
3744
2697
489
3692
2723
963
868
4660
512
1155
428
1090
4863
3336
3589
518
1012
246
1262
1993
1078
4387
1895
1285
3404
154
2461
3319
2025
1271
737
3210
4158
4732
4637
570
1015
4756
976
4711
2100
664
2871
2240
863
2884
4684
4819
2201
761
1604
4256
4598
4099
3147
3023
213
1369
1632
730
2038
3152
1243
2768
4381
496
299
3587
434
2991
1668
4587
1893
3049
1655
2334
662
4116
4782
1788
2638
1219
588
13
3843
2028
1790
2870
1910
3107
3304
2029
3641
4052
1962
4318
3789
1248
1273
2396
4326
291
2228
524
3885
688
834
3347
3182
926
262
3054
2978
3571
2965
3717
1275
4518
2493
116
1713
1281
1728
2367
781
4064
2150
101
4335
1925
2164
1845
4540
1139
4795
3969
4439
3316
3739
1946
4659
3401
1504
4018
3904
4240
1799
4173
1091
216
4871
4167
4471
4704
1375
987
2753
2981
827
2382
462
4182
3141
3891
2473
4609
2020
4149
2054
2531
621
4741
574
3949
4414
4773
3222
968
4230
3820
4115
1205
3863
554
20
605
1373
2620
4916
3642
1804
3525
3156
52
4674
1042
2585
4208
3948
2875
2239
4283
3853
410
2740
327
2664
986
612
1462
794
2115
4276
1492
2359
1871
919
4658
2483
3786
820
1055
3684
2762
2039
3798
692
1361
17
3088
3162
1800
2925
1712
4603
4159
1538
4702
2833
1362
4215
2235
239
140
1192
3380
585
2224
3540
4727
4073
4615
426
572
2972
1832
1134
3569
308
50
934
2376
1456
4562
2128
568
2076
3679
4473
15
4348
653
4013
4966
4855
2430
176
329
4109
872
1465
1357
4881
1598
1794
4547
1036
1600
323
3410
282
4496
1487
271
2113
422
2154
1401
3653
2161
4122
4412
1276
1824
4987
3646
3941
2009
2264
1453
3710
3875
884
4113
68
380
3317
1197
1904
561
577
516
4070
571
3275
1875
3774
3094
4652
966
4710
3762
3399
4593
1328
2146
1864
195
4738
3689
2070
1525
2064
1899
3947
450
543
4400
970
4263
3616
1339
2379
4494
186
4480
1522
2679
3256
4644
3309
191
4764
448
1303
2733
1113
4351
4470
1532
1890
4225
679
4595
381
3026
444
1883
2600
3686
3962
3670
364
4118
4578
2378
2327
2484
1687
736
3968
3592
3828
2738
4508
3473
4617
2135
408
4345
226
24
1536
1355
2277
4415
2490
2424
4713
4224
3001
4951
333
3291
3663
1005
3077
3543
4462
289
1927
4096
3722
2411
1359
455
1175
2957
1208
3313
1313
1828
1757
2985
1000
3685
1235
2687
4914
2229
301
4397
4631
4305
3301
2065
1859
480
4921
3081
3590
4779
2771
4512
2143
1723
1283
1038
3777
4146
1870
3042
1024
3735
4007
361
2088
4257
3567
3055
2361
240
4968
3444
1909
3554
3796
1675
2060
608
4815
80
3981
4060
2244
2795
3295
2005
1210
2540
766
3570
2591
4092
2252
1631
3965
2883
4554
797
3374
940
1558
4349
3297
2144
4940
1092
2691
3346
1748
3729
274
409
2955
2888
4860
3821
2776
4213
2566
326
1782
721
3101
1277
2694
1212
2826
1225
126
1772
4868
2389
4079
3293
939
3555
2155
1705
2422
1354
837
1414
1467
832
4450
779
3700
2172
1638
3138
4924
3541
4545
3175
1560
858
2817
3524
1222
4476
3909
1095
3264
1855
3223
3035
1851
1937
564
2963
1922
2052
3
4108
2485
1502
2206
1725
4478
3105
3837
556
1932
4673
4937
1905
3018
4870
2568
2056
2426
4498
3545
4331
918
651
4851
3330
465
3781
3393
388
1568
2597
2104
3078
2569
4279
180
4048
3591
1256
437
2456
438
1926
88
3490
4081
666
1294
4403
1233
4489
4127
2381
2624
2120
3327
227
3434
1974
1667
4254
1025
3062
1984
1057
40
4688
547
4541
2383
2846
3701
1716
1204
4280
3030
3688
896
649
497
4762
4285
4964
4172
2630
806
4190
2767
2357
979
2729
4853
4912
4273
2133
2651
3916
4561
376
967
2001
2293
4665
2869
1654
2578
2741
223
1181
2463
3778
1921
3090
3782
4657
1023
4015
4226
686
4621
2373
143
3990
1907
4513
4037
4993
1891
4321
1498
3791
1711
843
94
982
3226
3181
1596
4718
2882
2465
2275
3169
811
4201
699
1587
2171
1956
3530
4392
3614
4369
1777
4820
3669
4338
2344
665
3993
3069
3917
3384
2112
851
427
1070
4567
4445
1085
4827
251
2202
606
4733
69
1461
1958
3817
3225
3435
1405
3071
4364
3325
3481
804
3740
1440
4728
4527
2997
521
3167
4132
1148
3831
681
3110
3984
2324
4041
2777
4833
1524
882
1763
1840
540
3921
2971
476
3412
3387
3433
2711
4315
4034
2582
907
2959
3100
775
4121
2728
3905
4573
916
4102
4633
2756
2142
4895
539
2003
3506
2577
1232
2909
2069
1066
9
3449
823
292
2547
2468
73
4451
3603
1581
586
4605
3804
4944
2668
3608
3991
2107
2891
1308
3334
505
573
324
2507
3144
3807
1096
1346
295
1400
1603
2634
4844
714
366
1116
620
1624
3808
1641
3127
2078
4036
1608
2993
1017
1266
4861
4228
1779
1307
2570
190
4908
1861
4028
498
1433
3953
2800
3214
4487
1665
242
1388
1672
1460
3509
915
2013
1642
2375
2095
4362
1505
4715
4994
2759
1635
254
2429
3471
3104
567
1559
1585
3392
76
743
4078
1928
34
1718
4185
1476
3766
1503
3022
1908
818
379
4272
4557
51
393
2092
3122
243
1822
1125
2469
3272
3234
3235
947
4521
2899
3576
233
3505
4435
2203
4294
4872
406
353
3172
4248
2770
2629
3092
279
1324
2584
1064
4884
2852
2404
3476
1259
3958
49
2631
44
203
3556
4187
4274
614
2339
1218
1393
3206
2666
3845
3136
4899
2258
3356
4128
3934
2298
16
638
4436
3494
4997
3906
682
4223
277
2828
1656
4393
3466
234
2587
4207
2447
1428
1398
1030
2094
3219
1396
1981
2986
1430
815
2944
4628
3165
1229
1183
230
3209
4934
2024
4582
3397
3836
3003
3287
166
3220
544
155
2124
2975
1912
4186
2414
228
1627
1878
2530
4747
1381
85
526
4408
2223
2556
1310
2970
4375
3247
1111
3562
805
2497
4196
460
2317
4000
248
2051
2699
792
2674
2103
1044
812
2063
2365
3552
443
1304
4300
4068
972
389
4467
2118
430
1068
956
3716
70
3531
2350
3139
3593
4619
3254
65
3892
3084
4800
2047
4797
1978
2708
232
370
1759
3321
4671
120
3098
2352
4876
4632
1257
3756
3785
4380
340
1128
3203
1371
973
1215
2783
1948
1446
4954
4075
3678
2667
265
826
3265
373
3979
4903
3478
1230
742
1478
2372
2151
4327
3895
1960
4847
2284
3518
2127
770
656
1431
1011
732
2739
2848
4967
3894
1743
2554
3174
3487
4774
4680
2643
4507
4346
2713
4532
2007
2780
2518
627
3620
1211
4771
1574
1429
4852
1979
866
3043
1732
3751
156
3788
3944
1326
549
2377
3439
1856
619
3527
4474
685
1067
138
3802
4517
657
1740
4057
360
62
1854
145
4822
552
2693
4564
3373
3368
1245
591
4618
609
2415
4472
1037
4446
2912
809
2681
943
2994
4246
441
2431
3636
2818
2460
2328
163
1952
1719
1322
1351
1555
3732
1199
906
3582
1106
713
1228
1817
942
4640
2211
3201
758
908
3140
1382
2459
1887
2195
105
2775
4708
546
2305
357
391
4896
2558
1571
4251
2106
1991
4210
2799
716
3281
1325
4486
1050
2209
1767
4090
1866
790
2398
3655
3596
1695
4030
1819
3841
141
3276
2432
2509
4449
249
4607
2819
107
4042
701
4205
3381
4266
3867
2827
3009
3065
2838
3242
738
2605
886
2856
1179
559
3188
3667
1626
4594
542
2672
772
880
4431
777
3752
4813
466
2440
893
3460
1279
3622
4857
1874
4695
4032
2793
4053
317
894
2340
799
2918
2647
508
3856
2356
2123
3365
1977
2622
703
161
2684
3721
878
165
287
464
2914
4066
3436
3586
1939
3533
2900
4915
4862
1213
683
990
1842
488
3116
1906
3600
4931
1556
3696
4767
1224
3362
2255
4193
336
3824
634
710
4907
2187
2979
3229
3649
3517
1681
4692
3861
401
3631
3430
2778
2137
1994
2709
3557
2919
2939
4098
2654
1188
4904
4867
4029
1508
4849
3149
4071
2893
4716
2307
3324
4235
3758
2149
4500
1114
331
4488
3644
4442
889
1063
1190
1449
4705
3946
2565
1034
4238
3390
3656
3027
4763
1551
334
4379
1736
2754
1207
2131
759
4150
160
3457
3195
3741
4984
2214
3025
3618
2122
3314
2163
3594
3302
1315
1838
3915
3258
198
933
307
2506
3522
767
2732
1296
2269
3795
492
2181
1801
833
350
3495
58
1424
3575
4942
2824
158
1383
4722
2370
2279
3897
2980
4989
4784
2726
2406
4277
2471
4162
4006
3243
3771
3096
29
989
3950
4535
2782
4875
2936
1278
4538
587
3475
1033
4292
3862
2217
3800
3238
1540
2198
3612
3407
1621
387
4394
2794
212
4956
1820
4147
887
3599
3414
2892
4191
4312
182
3882
3483
4701
2657
1100
4302
3036
1663
2053
1267
64
3354
1142
171
3507
3521
3794
87
290
1047
712
3484
3577
312
355
3323
3898
4929
2551
1510
1658
2093
4221
4501
2268
3282
1110
144
3431
2253
332
959
2808
3551
3908
2261
305
3851
2908
1778
2567
4479
2036
2720
3360
4682
3708
2652
429
4106
1309
2842
2862
603
1441
4611
472
1247
4977
4463
3493
1384
2296
494
3764
2662
1438
545
534
2628
1810
1619
904
1597
1080
3574
2049
3995
1468
2481
3983
1610
1526
1947
2847
1272
2030
2922
3278
3511
4960
3461
4835
1161
306
2658
2952
3120
2472
3952
4365
2859
3289
3211
978
3114
385
3691
3564
3883
78
2178
412
1924
616
96
2188
3718
1983
3453
4947
189
3063
1035
871
3070
4755
2152
3581
1185
3621
4555
2917
672
2747
944
1999
3584
3005
1750
1971
82
4645
2368
358
1988
1031
2157
420
1350
2073
1217
3294
3386
1696
38
592
2266
1290
3680
2048
3768
607
1046
2772
399
2727
558
4087
3761
3292
4502
2896
2488
3087
4281
2259
1714
1811
864
4745
3757
3515
1951
4979
1105
3871
4803
4249
1265
467
341
1798
1332
3202
2520
969
3697
1976
3398
3849
3886
964
3542
984
4505
735
4694
3332
4044
2226
4056
2549
2492
694
371
4212
1450
4216
1835
433
4329
2273
4035
1506
2823
4366
2690
1935
4551
4575
2336
1709
236
3602
4689
1093
4696
1774
3385
4170
1509
3409
4703
2295
865
3395
104
2215
4794
1140
4054
345
3787
2834
810
4233
4792
2335
4581
3724
2907
1648
169
4614
3914
4110
3060
2487
788
394
2788
1352
4123
3492
4887
3803
1530
1071
1771
763
4622
4548
757
4655
750
149
1580
1473
4546
4601
475
26
425
4258
4203
2998
4787
2504
744
2086
1552
2412
4965
2270
2864
789
4427
1314
470
3255
684
3040
4322
2374
3733
2272
1516
1825
4750
3048
30
2315
2937
2923
2230
4483
1356
2314
1282
4933
18
3652
3170
3842
1289
3419
1486
1996
2302
1242
1483
2552
3074
3118
2387
4712
1488
1539
3338
302
3371
589
4650
4049
2815
3809
1048
522
298
1306
2499
2148
1291
3299
2865
4409
2598
3855
4219
1997
280
2342
449
1601
3248
787
3972
3987
1805
1546
61
4524
3315
4840
4031
879
3076
3945
2034
4261
796
4888
3441
3512
3146
1594
2037
1138
2886
1022
4522
2496
208
46
3534
1623
4821
3939
3134
2322
2291
4386
1347
2906
4278
3191
281
2803
1669
2193
2453
960
3468
4927
1342
2724
1579
1664
1399
920
3237
1852
2380
981
4700
4976
3986
645
4536
3585
2225
948
4136
3326
1989
4231
2204
2099
3829
3198
4485
4360
3061
1942
4953
2868
2364
1717
1059
764
673
1726
2898
3694
395
1001
1940
1968
286
1754
513
2289
3496
1853
1254
1479
4864
745
2840
2366
4334
1562
131
2405
4624
2138
4061
3422
2194
477
4796
1591
4901
4214
1676
2243
3994
3016
928
12
263
4010
1848
3588
27
1131
421
1316
4777
4687
1577
2710
3736
1970
4662
2746
3683
1517
4834
977
2599
3491
344
4175
1127
4309
119
3750
4009
2744
1427
2008
2742
1963
4577
4679
2701
1432
137
3305
1320
3923
2960
1892
205
739
2156
2213
2745
2940
2478
2583
3470
3877
1985
3868
2924
2283
1936
3806
4955
164
4008
309
4014
3734
782
45
4336
1130
1745
3942
3044
3672
4778
674
214
1163
4080
3124
4837
4943
4093
4477
3306
909
1666
2390
1426
2836
1220
4591
2635
2470
1039
2162
4685
4911
2292
647
2680
4988
3976
3068
3296
4740
602
2822
4510
1118
3450
1122
4721
3790
3145
3743
463
3034
2553
4520
1348
1366
3852
3974
1421
4829
3559
646
2316
407
1334
705
3361
258
1660
2159
1084
1670
3857
1434
1930
1052
2288
2
765
1982
4563
2855
4850
3876
1165
172
2621
4455
2136
3879
1689
3335
2623
1844
4139
4923
3561
3887
1284
1803
503
1760
816
3617
2170
1986
1202
3284
1827
440
2857
2544
2618
2524
1394
3816
2969
1436
4337
4678
3978
4531
1602
4772
1849
4440
3801
3269
562
4423
1630
454
2522
2085
3268
1435
320
25
3128
4062
1156
4720
2241
4661
3184
3451
4667
8
4516
2236
275
4566
1333
403
2158
335
4352
4120
2035
2084
4289
4647
90
3427
3257
4429
113
459
1358
1016
4495
1783
2790
3366
4669
4253
3819
604
2285
4503
2306
3549
3604
3262
2452
931
3320
1629
4751
1686
4311
219
637
2632
175
2177
3528
4438
951
755
375
3565
3583
4250
783
1417
1390
4148
3954
506
2973
247
3173
2125
1734
2617
1703
28
2182
1512
2669
1280
1710
1589
4499
756
1133
1403
3975
3417
4297
4441
4416
3847
3052
3919
3537
945
458
2725
4320
3244
1481
891
4509
3454
4236
774
1167
898
3715
2449
1918
1980
266
3131
1419
848
167
2528
857
4287
3437
2797
2619
121
3148
4156
4919
538
1132
1637
4757
4466
4731
2337
2250
1147
1758
4350
2814
2097
4504
2935
2950
4648
1493
2671
193
4130
4082
817
369
1260
2625
4883
1340
1264
1639
2281
4781
3379
2392
3989
1548
2349
2525
2347
487
3723
2564
1386
2022
4623
3497
4759
2510
1644
241
4112
4560
1158
1002
2990
4690
579
3626
2216
4359
1735
644
2639
1770
855
2397
3610
32
3015
4836
3966
1074
1873
663
1173
2858
1331
2548
447
4986
1172
4319
999
77
3925
390
4649
2358
4534
268
680
2603
3967
2246
4776
3426
424
4125
3190
4558
628
1475
2929
1807
1563
4729
3429
733
4422
2550
4932
1584
749
4333
204
1575
3928
1795
273
267
3704
1796
2082
4950
3681
3155
4866
4406
187
4012
1089
471
4841
962
75
1523
1647
2964
3927
3126
3396
4417
729
998
869
773
4519
2345
1706
776
785
1677
2237
2130
468
4072
4691
980
791
2996
3911
1867
2640
252
1088
4973
3176
114
1683
2098
563
841
2557
123
2096
1823
1075
2400
2927
2612
1746
3217
3940
4699
1897
2129
3635
885
3408
4909
4798
2765
1702
4588
1191
1661
4523
93
648
515
188
633
3357
4760
3463
2537
2951
1896
4810
2280
1157
4739
717
504
102
3350
1194
2982
957
185
4946
4384
1808
2915
1953
601
2715
3532
2091
3929
4918
2730
1762
528
1964
1869
432
4806
4270
146
1965
362
2642
3041
1299
2926
1768
4183
4580
2610
3977
903
3938
2110
3102
4481
4511
2889
4306
1784
1423
3550
1099
581
813
1168
3516
55
3690
4961
3418
1244
4484
1821
1471
2299
2977
4717
4165
4654
4244
529
2286
901
4411
1069
211
197
3465
183
1062
4983
912
1863
1312
3869
1330
2546
1189
523
593
181
2423
4089
6
3605
1171
753
127
2677
2362
2191
4040
3193
4358
4786
873
2251
2941
134
1298
2881
2494
1491
3924
3000
303
3159
658
1886
2371
569
1618
4752
4886
3933
3502
404
639
4936
892
1806
1694
4138
1489
2408
4613
2495
1534
3501
4389
927
2192
315
4761
2987
2786
1514
525
256
3166
4706
3539
3047
1389
2974
59
2656
2675
3447
3546
3754
272
3277
486
1593
2245
2539
2221
2058
3536
3889
3353
2121
996
856
2562
4493
4239
1437
2435
4301
150
905
1527
4879
3372
3415
365
911
3267
3383
3456
3310
451
3951
1708
2200
2784
4296
2813
3285
1643
4303
1972
2276
3913
4361
798
439
446
2505
1850
1741
4865
1153
3595
2532
3038
1014
2586
3261
1365
2101
1410
3011
11
1018
3013
310
2928
122
582
1569
2057
3337
2219
3648
1236
590
1457
845
1616
2976
2535
932
1987
4992
1843
4396
4418
3389
179
1288
2109
4284
2220
3377
3113
1378
3045
660
4749
615
2948
2445
3936
2885
531
200
481
668
1583
2055
220
771
3249
4045
2910
677
4839
4958
1916
1543
3538
2179
3445
4209
2877
1561
3375
42
1004
3637
4592
2354
1237
501
599
1154
937
4537
4243
2942
3080
4353
2108
3657
177
1108
3918
1785
4874
67
2887
2533
339
4823
1606
2394
1143
1576
4399
2953
2282
442
4204
383
1494
2769
3580
3726
2010
1697
1495
3485
2318
4103
4926
2718
2090
4033
1214
2417
313
4025
1636
3164
1590
4491
319
2467
3513
4809
4978
636
1336
3971
1950
3563
3910
2880
1027
157
1020
1327
4163
4492
955
2576
206
4137
1815
2050
4552
3032
952
2930
630
1496
4199
1097
1662
392
1813
2704
1049
1415
3865
1529
4043
1117
3233
1041
2071
1082
474
3628
3010
1321
1761
4497
4433
1338
3850
2026
1302
1699
1407
1765
3143
4596
1021
847
1513
1029
3823
2168
824
338
2878
825
4906
4748
3770
1136
1889
1966
4340
3469
1385
1809
1241
862
2464
4355
2563
1934
3216
3624
4583
1379
1145
2403
2512
2451
3008
3274
4434
2841
4586
3695
3413
1119
1570
3251
2678
2075
490
4293
3260
993
1586
356
3996
4307
2946
4458
1040
2866
4229
0
814
671
3425
2348
3698
2755
4179
727
1028
690
2616
2932
1443
3066
2046
1955
849
3245
741
1240
992
2218
3106
110
4801
4812
1464
819
2916
3103
1442
2876
1949
1751
1944
1911
1917
3467
4724
1402
1566
3675
1701
3228
2015
2442
4237
4969
4169
3793
3280
1582
1101
4460
974
2812
3253
1098
3482
4140
760
3072
1888
2519
1344
3825
92
3811
2180
1727
1246
2698
2242
4949
23
4286
3578
4143
2921
4271
4200
2079
4539
3416
1818
2943
2247
4490
3544
3006
632
1221
2931
1123
1607
1196
910
86
269
3307
2421
499
3834
2227
1894
118
4059
4453
4197
4447
3270
2418
2590
1731
3900
4426
3440
2734
1862
294
1367
2611
4004
2287
3860
452
1490
3783
2595
4178
3840
575
596
997
2351
1226
3428
4734
4698
2019
4608
2648
2527
4410
709
3973
3250
4602
132
461
111
1103
3187
4570
4164
4347
2303
988
1744
3298
159
4141
10
3424
2854
778
63
2545
2077
2736
2689
330
650
3738
3619
2199
4681
1104
557
405
1729
4325
4174
3712
1858
4842
3119
1170
3893
4363
2809
1698
1900
3343
386
3012
4344
3459
4995
4050
4357
3714
1335
3597
215
3982
551
846
961
2338
2853
839
4802
793
316
3171
3830
2589
754
3746
723
4385
4247
565
2801
2781
747
2947
1881
2559
3922
2067
2132
1174
4975
2388
2503
3129
1477
493
3839
2938
224
1599
3520
1678
946
3205
4604
1755
2043
704
4155
2844
2321
4100
2523
1724
43
4574
4457
3815
2594
3050
3125
3194
1519
3872
3705
3727
3266
4737
1829
1484
1860
3988
348
1239
2134
3753
2555
2402
3344
2313
537
1992
795
4974
2542
4088
1752
3759
2486
595
100
3607
2475
1791
325
3985
983
914
2271
4959
402
4635
1831
2832
1595
1120
484
2863
1013
840
3810
1150
4086
4576
859
162
4945
659
600
3097
917
276
902
2949
1234
1463
2257
2534
4475
3931
3318
4313
4382
2695
4269
84
284
2529
351
2665
1448
1152
7
4023
2802
4188
4542
836
935
1572
4556
530
4664
715
2059
1749
652
445
1270
4459
1337
1786
4817
3822
2903
2477
1943
4085
4232
1938
4142
541
2300
3699
731
2663
91
3713
994
1535
3935
2757
3650
3179
1880
2207
3854
2650
3878
631
2604
693
2636
3896
3813
1353
4413
3236
4620
3067
4104
4845
142
4766
2147
2436
1650
881
3057
2692
689
3402
1722
4898
98
3943
2627
1058
1305
3163
2989
4180
3579
416
2116
1500
2645
4469
1613
125
21
3443
1814
1957
2438
4152
1542
4405
844
1690
1657
667
2212
2945
2210
4095
1764
4639
922
2579
222
1286
622
1830
2543
1990
2014
4114
4848
4027
4242
3499
1901
255
3423
2849
2437
4873
2511
2033
3014
2608
2419
4265
4642
786
4448
500
801
2831
3677
3109
1567
1553
1323
4641
2514
2491
1124
1387
2637
3283
3775
2779
2820
3912
2363
3997
2500
1115
1146
4288
3073
4047
3920
1653
202
453
1649
3221
1319
4084
3805
1255
300
1086
1392
1345
4206
4371
4780
4202
1250
2044
1834
1411
4917
4268
3085
4021
4544
1043
3200
4111
769
3776
1879
1193
184
4282
1032
3611
1781
1301
2117
3980
4905
2513
2183
3157
4192
4630
3359
1459
3303
1209
4677
4144
1198
3873
2501
1609
237
2706
372
1053
3745
4195
4404
4753
1565
3300
3640
1076
4051
3890
3634
762
1480
3273
4356
2360
4001
2752
2021
3866
2006
3687
4616
4610
583
4171
2541
3130
2821
4892
2659
4972
3601
3792
2222
2385
4452
3629
626
3662
3286
3784
535
1841
4828
3654
938
4559
3115
2489
288
3779
4600
720
4948
1261
850
296
2173
4390
3508
2420
3731
965
2966
4925
3158
4267
4002
4063
2705
936
3150
3870
396
669
3117
2145
1126
1902
1739
2140
1072
3956
4571
3833
4889
1418
2606
1073
4420
2111
740
4830
3033
3480
342
130
3340
2395
218
4377
3510
555
2080
1682
1445
1720
1554
578
1501
3019
4482
106
853
4515
4262
641
1961
4222
3535
4920