6000
5533
40
5390
5005
4837
5566
18
3369
1924
3099
1369
688
1926
5590
2902
4487
2213
2570
2973
5148
3837
2301
2926
4320
4686
4179
1780
1462
5593
828
5834
3552
5653
5129
4933
5244
1291
1681
3756
169
2828
154
3564
648
5508
3004
1631
114
5315
4419
5791
3995
1756
1998
4786
1996
4173
1502
3568
2645
5887
316
2042
464
1412
1391
4287
1950
686
5868
4412
5631
4634
1831
5747
5303
5836
1246
5504
2387
3721
1628
3130
4165
1861
283
3413
3690
710
1416
618
290
3500
3270
243
4243
4000
2678
5003
3902
4389
3195
62
2688
4773
2328
3727
2858
5972
5753
2278
1504
4797
2838
3452
3407
907
4285
4143
5830
3922
1292
392
665
5067
1312
3170
5638
133
3093
2600
3717
716
925
4701
4986
980
3419
1233
2536
3017
2340
2389
1565
1396
5167
3669
2558
2703
836
2749
3764
4709
482
1703
3342
364
2803
1494
584
4334
1744
3309
3033
5558
1118
2071
3986
2734
5615
3426
2479
2255
2996
654
2272
2089
5538
1562
5894
3815
3977
279
1818
2458
1398
1661
5820
781
1167
4393
4949
1242
1783
4726
5977
673
1162
4348
5792
333
1495
1374
4972
2557
1082
4806
435
4021
5767
4878
2107
1694
3984
5660
5685
1561
4294
2292
1025
4269
4182
100
1856
4058
5721
1982
1757
4862
303
2181
1480
3476
2073
3876
631
3479
3451
3188
4710
3832
3466
3603
3206
4952
1121
2463
4304
2270
2370
98
4903
5964
5223
5974
4450
1038
938
3072
194
269
4589
976
2722
505
3165
4397
2171
709
1876
1904
153
390
4462
525
643
1507
340
5282
4930
2839
1098
1791
4777
1670
5559
4240
123
424
2646
3713
4582
3001
4717
3314
1365
2949
4992
5859
1592
5210
3339
187
5336
2157
4963
1198
2491
4411
2701
241
3254
729
4035
4707
1651
5389
1974
5856
4600
2190
3525
5574
2456
1825
2077
4833
3219
1813
3700
784
2478
2608
2573
1759
4271
5481
3039
1048
2878
3398
157
5711
4769
3291
698
1879
2704
437
3022
1678
1784
2633
4507
4969
1005
1132
5893
2020
76
429
4573
1381
1635
5288
4677
3751
4051
1967
5656
5937
1685
4046
4805
1954
4474
5608
1256
42
3789
5800
4936
2369
1342
5512
4522
3826
3189
1714
4493
2527
2111
5781
3705
4539
557
3869
2489
4368
4382
5688
1272
4716
4877
3562
5380
811
3857
2395
4533
2345
1253
627
499
1944
2036
3008
5815
4352
958
1630
5595
2550
1554
2940
3091
4105
5291
5941
1179
4711
5908
901
498
4154
5386
3446
3115
4121
3623
4628
632
2289
3822
4297
3782
5804
4658
2310
5146
1107
4373
3042
1120
5785
3000
5818
4171
1225
1050
160
5888
4580
1093
2249
4331
5797
2114
5506
5091
4858
1647
931
2297
1577
1639
2424
1763
2588
5967
4218
44
3052
5458
617
344
259
4193
0
935
1276
88
5531
1710
508
1557
4779
1477
2039
4306
2798
5117
1679
5821
1211
4341
5028
2420
2641
255
4755
3894
2531
4855
3482
830
2891
1467
2856
4999
1027
1164
3504
1077
1568
5418
1847
4232
4186
3928
3118
1745
4520
3240
1146
381
149
5684
5252
829
5479
2286
1957
3877
1841
5147
936
2593
3119
4714
3916
5342
3416
856
1563
1500
2720
3507
3505
3298
731
4508
909
3783
1682
2733
1649
4961
4907
2416
2159
737
3731
1266
5017
1014
3296
2398
496
4324
1092
5578
897
5492
3515
2279
1658
1410
566
1161
1122
4033
83
4071
4305
2766
5251
890
4146
5620
2108
4441
5940
3907
4744
5087
4768
4214
555
4840
2592
979
5145
5476
4231
5084
3415
2863
4915
878
2899
1589
3988
5295
3565
5410
3432
3818
3675
5754
4980
1997
5230
4196
1913
2184
4931
5735
4691
4244
4825
5403
2998
903
5095
2865
1737
763
2173
1360
3405
1536
2712
2470
5387
3048
4256
701
1928
2068
2583
3971
222
4156
1977
2224
326
1918
2124
411
2545
2689
3061
1666
586
5494
5139
5488
5082
2728
5952
567
135
2537
189
3695
2268
793
1104
1375
4158
876
357
2426
5668
3209
3036
3658
4588
565
939
2092
2346
3730
3883
2222
4210
4372
4008
2178
5060
545
1265
427
5379
2320
765
338
5502
718
5224
2026
5174
4856
2698
3123
2147
226
3056
5500
3019
12
4904
3738
569
1245
1018
4135
2628
1112
4721
2565
2915
920
674
5183
2563
207
1007
970
3336
4337
1403
5486
4959
1774
3582
5869
310
2548
2590
2151
3923
2740
2400
5984
144
1257
4434
682
1852
1085
5562
312
4142
190
3978
288
5786
3334
817
1523
5035
325
2709
128
1559
2250
4303
1721
3903
101
3321
1331
1191
3410
3539
717
3741
372
547
760
1692
2681
894
3604
3268
1012
3518
3610
1333
3207
2700
4506
1168
294
3802
1810
3919
3579
3475
14
3343
727
5126
4115
5813
1995
314
2951
3545
2000
1153
1560
3190
3813
5560
2961
3621
120
5535
4098
2691
2885
1019
5063
275
3591
5121
695
2896
4279
2811
5299
5986
355
4369
5189
1459
650
1627
143
346
3556
3948
80
712
895
1943
1534
5452
592
5564
242
5614
5700
3333
4162
1293
719
5050
5307
2496
5460
1383
1231
5128
4827
3388
872
4089
5710
5448
2329
3574
2567
5203
3957
1938
4741
4404
671
4996
2893
3770
3303
675
3502
2466
5450
1796
3942
5209
4945
5293
4213
1384
4692
1706
5864
3142
2984
562
4957
2675
798
2437
330
440
1216
1436
4502
5382
481
5154
801
2247
4258
1525
2407
3047
770
2067
3962
3569
2144
4770
5220
521
3222
2021
4049
5435
3729
5728
5915
2854
5511
1039
1141
568
2390
4989
1131
1854
5759
758
2465
1359
4384
3512
3191
553
5160
2627
1454
1785
1805
928
527
973
5827
4031
4014
5130
2888
5881
900
1152
761
90
2910
4237
2514
1614
4330
371
4870
5034
1618
5812
4590
5510
4620
4852
3361
5250
1719
5111
402
59
2209
5591
1150
2126
4521
3801
1207
5682
487
3739
5926
175
3683
342
4756
4311
2928
4022
2960
2330
1711
257
4187
3013
142
107
2048
3686
4248
1987
71
3736
2188
4007
1543
4937
1625
3529
3755
3301
5094
2908
1329
4791
2596
2503
2761
3599
3817
3772
5318
451
2303
5771
1538
1049
3173
2428
5229
3692
5246
5474
3450
814
1883
2731
868
2525
4044
625
3306
5258
3054
1473
1935
2066
4608
5104
3838
4979
4308
3184
5465
5058
1597
1671
844
669
3689
5561
182
4091
1492
3712
999
1547
4597
3352
4863
2605
1727
5811
4535
494
3856
184
3824
5513
5921
1026
600
2912
1475
5616
642
3798
350
3540
3344
2822
5070
1011
1640
2046
851
5822
116
2674
4075
5576
4869
1754
3156
3082
5466
3175
2050
821
2086
2631
3027
4501
1958
826
3784
1297
446
5142
3411
5075
198
5411
5924
3267
315
124
4794
1585
2610
5961
5696
4163
3059
2656
3679
2695
3266
4072
3177
4713
5096
3474
1820
474
1452
287
3787
4282
3696
4241
4516
4296
2322
2914
5953
4475
1303
972
3677
1899
3496
46
4116
1259
2990
4682
2061
1960
378
4954
5697
4495
5422
2692
5231
2083
413
5136
2724
5079
4642
606
1160
1343
3643
5583
5987
3769
2690
3488
573
1114
53
465
1262
2755
4514
1558
1513
4767
833
3927
4184
5423
3617
971
2821
4050
4918
5099
5305
1158
5317
4871
4027
2672
4088
2870
382
4233
2313
5011
165
2685
3559
3146
233
3587
5712
641
4655
2743
4262
3424
5842
630
4431
5159
4149
1009
3409
3600
3417
3318
1444
2030
2705
4100
3213
391
4899
3775
987
1437
3970
694
5692
4799
463
5910
3009
4067
3105
4153
3820
2832
3846
3809
998
5844
1828
4640
328
1945
5310
4660
3297
5803
1350
4633
4626
3279
2629
4223
2396
324
5409
4342
96
5837
751
1125
4801
2845
3949
4561
3440
4674
3900
2121
4073
5796
864
5683
3581
1213
888
3925
3637
4631
3619
4034
3956
1566
3823
4851
2165
4387
2517
5698
5751
3608
4234
2257
1187
4729
3453
5240
2935
3312
8
1287
9
5557
1460
4515
4760
2253
2344
122
3771
1501
3785
3688
5567
1373
2937
5431
3994
5451
3754
551
1695
2172
956
2043
4774
1758
902
1789
997
4651
4189
4699
5734
3444
1506
363
1708
2787
3390
2818
5177
322
2918
2566
3164
49
5999
3870
2336
880
3653
4585
4740
1151
3389
4048
965
97
4725
3848
5360
3561
790
4700
5248
3038
1874
2559
4069
5498
308
5655
1013
4981
2812
5369
1485
635
5059
213
4554
2010
2226
1579
197
1079
4525
1522
3356
637
4841
5702
2907
771
685
2765
380
5708
2450
762
1163
1201
1821
5016
2824
2795
2161
3462
1432
3510
438
3243
297
5151
3139
2093
4338
4808
1307
4670
261
2350
3227
4489
2032
2506
4011
3852
2924
4790
4076
2551
978
944
5843
4386
4136
5012
3598
2947
2651
1518
1081
5169
4503
3285
3828
4068
370
161
1844
1526
2816
5432
5902
3176
5783
2105
4473
3253
1642
3614
2059
4402
5236
5346
5546
1829
2371
5516
4865
1956
1491
178
5478
1817
5536
5746
2801
2694
1094
4668
5357
3560
3353
2809
3427
831
4689
5134
3122
3237
3178
1326
3691
5990
5718
3
5175
819
4327
5255
3663
5413
2577
1907
1090
4374
5509
5356
1080
2963
5947
752
4618
3127
522
1634
3612
1542
5188
4567
5021
2499
5573
4335
210
4107
2418
4289
2562
2117
1345
450
2676
4545
2929
889
193
4230
5931
3672
598
3530
5489
538
4274
2663
158
1430
1147
1054
5443
917
1699
961
3605
5332
1718
4883
4778
874
323
1387
4415
1282
2449
2683
5243
5324
678
2975
2864
2131
1739
5833
1786
225
3458
3699
5623
1226
343
4383
2363
953
4178
5651
5596
5048
205
5955
5907
5829
4227
3749
995
118
4198
1031
3901
1178
4109
383
3737
5078
2830
4847
1511
91
3859
5108
4783
3523
5911
1247
2883
5262
1130
1344
3149
1099
5381
2779
5565
2432
5523
5873
3898
2637
253
922
5198
5191
3467
703
2264
3952
1866
2767
5680
3943
4275
48
475
4835
4810
2028
5581
2601
4406
668
1768
5358
2015
4319
4504
1109
3351
3470
5211
1260
5176
2069
5694
1306
5430
4405
4
602
1022
3208
3840
5392
3779
4577
2582
432
2789
5501
2175
3051
4814
2476
2113
3449
2826
702
5524
571
2486
1140
4095
5995
3747
3946
1406
1443
812
1202
4147
4941
2953
3537
2859
2134
4396
1741
4581
309
5733
4152
5272
588
2148
5456
2653
2783
4622
1598
5846
3025
5345
2968
5226
4312
1380
4005
4929
449
5534
5341
1845
4353
5709
3049
4934
3845
5468
3421
5269
3366
2054
3117
1300
5505
3338
2498
5978
2834
167
99
524
3381
1239
5304
2569
2024
1490
147
2682
5760
441
1864
5663
4613
5406
1021
3538
4900
2239
1476
1322
1591
4257
640
5420
5062
2991
125
3050
749
26
4111
3493
5385
1238
2136
3034
5601
5723
1448
2231
3112
3435
4277
590
75
4906
4426
2353
2180
4712
4272
1053
5077
929
4984
5391
365
4511
3893
1531
2325
4570
2763
5014
4427
5013
3634
964
1964
4943
3200
4414
1252
5580
2993
1449
4024
1576
3753
1204
5329
5971
5582
4316
2298
3807
530
3763
3103
5131
5195
2846
3468
1267
2671
4339
1289
4616
839
2182
173
5944
3163
3572
5739
2995
2236
4366
3089
850
2347
4378
151
422
4923
69
1010
5745
5633
4479
580
5973
4671
4043
4471
4420
575
1271
1601
2314
3613
2983
1016
1596
2197
1969
2008
3471
5644
1516
3007
1311
3527
5106
2200
302
704
2868
5671
2585
150
4866
2256
1040
1571
1991
1644
2889
5002
4101
502
2012
667
2741
4078
4796
1174
2076
2376
5690
3377
38
4266
585
4185
1356
1372
1166
4575
3811
5610
5866
779
3535
2524
1993
1074
1551
5993
871
594
510
180
2840
893
940
882
3740
1530
137
3090
2617
3152
1401
5943
2305
5657
5600
3477
2034
156
1124
4673
2521
2513
1578
4771
3724
5199
13
652
1771
4251
5347
2974
4365
4812
5421
4001
5469
3335
2686
3659
4301
773
2882
1404
2835
535
3096
1520
4448
1071
638
2751
863
5485
1782
3330
4650
5309
3932
4459
1000
989
2770
2820
4236
3890
248
3492
5929
274
1990
2644
5337
1353
1463
3081
4872
2380
4470
5752
4874
1096
3070
389
5891
299
5847
4732
45
5635
723
1357
50
5265
1354
3132
3888
5181
4663
3220
2319
264
5992
5640
3963
3933
1434
106
4821
4300
5296
4037
491
743
455
2473
4081
5328
1724
1720
5467
1339
4310
693
548
1802
249
4220
975
3274
4401
3839
591
3768
2817
270
5761
1733
1920
2933
5473
5135
509
1906
3141
4647
3317
3896
2842
2900
5670
1030
4202
337
3172
1280
5331
4080
2461
67
2505
1285
5137
1584
3960
4788
2302
5279
746
362
4632
5232
5963
239
206
3532
3726
51
604
2041
4326
960
1190
4463
5393
3313
715
1923
4408
406
933
3088
542
416
1237
5123
1483
879
2445
5577
1580
1250
2970
4635
2415
5157
5238
5053
4340
4901
3393
2488
3517
5584
5637
3030
202
179
1089
1175
1067
4102
3394
852
2221
1773
4380
1352
5261
2538
1986
1662
5110
1181
5897
1068
824
4803
1734
4601
2167
428
1103
1824
3748
2464
4982
5755
3596
1217
5520
3066
5408
5788
3327
5857
5065
1999
5006
5802
3168
423
3908
3485
5289
3478
444
5350
5707
439
5732
2287
4737
5849
3180
2185
3814
215
949
2790
196
994
5092
203
739
4666
4913
2361
791
2625
1620
4103
4676
4155
4206
2477
875
1138
171
4593
2404
2033
3391
2326
4188
2723
2725
2717
3531
2317
5625
5519
5264
3037
511
2129
5373
426
1816
1626
4775
1029
4177
5124
3286
3046
360
3652
5366
5925
628
162
140
1056
4356
5923
4798
5457
146
2356
3996
2877
2459
3597
4455
3357
4350
2901
5681
3401
3654
2708
4077
2141
1869
720
3315
1839
3629
5287
3912
2080
5354
415
485
1219
5407
4974
5648
5968
3328
4057
2364
3806
5436
3958
1550
4780
2218
5647
5782
102
1777
4200
1660
497
186
1970
967
4443
5828
4695
4307
5909
740
5889
3015
3216
2909
2530
3403
4787
5514
3570
5532
3685
2014
1377
4532
1407
3322
4481
1386
4176
5497
318
619
4430
1051
1230
4192
1930
4167
4150
141
5885
5319
5417
5954
1325
4242
3069
3490
904
1857
5904
4993
5570
3954
486
4857
3186
366
1210
3332
36
19
4454
5119
1749
2971
1457
5370
2238
4736
5415
5886
5686
4141
1317
5777
1946
1898
1302
1468
3835
2541
2866
4611
5433
794
4112
2196
2016
2119
1392
2620
3325
5311
5958
27
201
1413
3441
461
5740
1761
1765
5622
3429
5950
4644
2746
3606
1223
4449
687
3844
1849
1240
2433
1868
843
1755
3647
3258
5540
2748
1851
3402
1195
4719
3018
1078
4157
4446
2378
4314
795
2875
4938
1258
3842
1599
5860
1546
84
766
1717
2772
2104
313
1236
3041
2191
3566
2648
73
3521
1675
4967
4541
1766
1676
3196
5263
1503
3953
3929
2018
4253
4715
806
5281
982
4026
2203
1848
4551
77
3277
783
4749
3384
2578
905
5388
5801
3194
3373
5260
5372
1712
3308
614
5979
3567
4012
540
3934
3295
5286
2169
2367
3035
3246
1498
1268
2574
1451
5970
4886
2447
5026
3860
1896
3831
3181
3940
4905
3990
4267
1838
3899
1065
1076
1575
4124
5882
1583
1305
5678
3439
4558
651
1633
1102
2917
2158
5068
1084
2267
780
2833
4140
1066
3571
5283
1172
2881
1405
4560
3171
4816
3002
4161
1024
4013
4197
4445
4849
5259
3473
2269
4909
4467
5618
1707
214
523
2815
5274
3625
609
5216
5597
5090
2434
2948
1751
2422
861
5071
4276
3651
3728
5676
393
3635
1059
2027
2176
4822
3661
2430
4060
3964
1623
5629
4464
2485
579
5284
2687
1683
55
5098
1843
4317
1726
2142
996
5033
2621
81
2707
1701
3998
711
4096
1680
4085
2668
5848
5115
431
4379
5484
4224
5537
1034
2943
331
841
5487
5234
373
296
1604
1834
726
3487
2753
5641
3233
2211
5729
5841
2791
2652
1126
5996
1973
5454
1358
926
4664
1028
2827
4094
2735
1897
2955
1769
5744
912
2758
5156
2133
1728
493
2334
3406
1949
3722
5122
145
4757
1730
4429
5368
5088
5798
2502
544
5020
3508
103
4472
1023
3718
5899
849
5669
2199
2721
3116
3746
4486
5713
4255
43
813
5015
2316
1953
1570
4983
1881
4935
706
2679
1602
1062
4970
394
4557
516
2439
4120
3841
3522
2773
2579
2923
977
4245
653
1725
1535
5161
5023
5093
216
3288
5471
5325
3980
3595
1275
5437
1853
472
3993
742
460
2462
5579
4065
5589
5547
2168
4298
5170
1705
1753
3418
611
2533
644
4190
2412
4160
4131
2273
3878
2266
3425
3055
3792
4343
3541
2920
3271
5208
1169
5442
4687
1097
4762
2075
4834
3668
3655
2849
714
847
2732
1574
1529
4392
951
5730
3616
3192
3203
1798
4332
5253
3337
5399
787
5031
3511
1814
2604
3969
5525
857
1224
2063
258
5617
3068
2206
2352
2192
2045
969
3348
2285
842
64
1528
5114
1108
4838
4498
3578
2930
1218
1533
2800
2308
5153
5215
4898
1177
4595
5301
816
5550
267
2202
993
3648
347
2280
5795
3109
5383
5920
191
5085
5916
66
57
3638
395
745
39
1608
800
2944
616
1840
4932
1337
65
3085
914
1740
1073
3134
5654
3263
181
5917
4902
272
1797
4807
247
3371
5554
4731
2115
4917
5168
5045
4888
1804
5962
2542
3148
4823
4062
1176
2654
4612
5838
369
5563
3945
799
1819
2841
4641
3423
3153
5714
887
1165
3697
2719
3891
4484
3011
5120
230
2162
1043
968
1496
2277
915
1212
2872
2785
5000
3673
5661
948
1229
3765
1205
5757
5320
2427
2952
2540
2070
4722
2939
3143
2101
4854
5588
5994
5313
1696
3311
5245
5362
1612
1859
603
4295
3121
3708
2233
3187
5302
3300
5871
1173
1017
2386
4469
4859
4286
3378
2680
3589
4748
1901
29
4123
1832
3865
4148
1409
1668
25
1792
5724
3639
2011
3987
1594
2938
4358
5083
2410
4998
4829
3014
1702
5491
4260
3887
2782
3101
4669
235
785
1296
2598
276
3045
466
3681
5201
2306
2966
5072
4653
5895
4283
2759
5401
5447
3882
2413
4942
5586
528
417
488
1139
3499
1788
1314
518
4524
2894
405
599
477
2005
4222
3374
2341
5528
3735
1606
659
5445
2106
3385
3283
3851
3157
3166
336
5396
4924
4566
2494
3723
5845
1431
543
1464
374
2
3442
1934
1823
200
447
3555
5664
4437
5975
1123
1936
4440
3800
5749
5756
4804
692
663
4824
2847
469
1320
4322
5790
514
4994
1196
5446
1086
221
3229
1060
1332
420
3293
3067
2636
774
2290
3930
2659
713
1249
782
5832
359
4548
1206
1532
3777
1952
1474
2150
3752
930
2051
1469
2130
2793
1617
4280
3221
1767
3248
5932
725
1873
3232
4792
1395
1393
942
4627
2512
5314
3110
2411
5938
5819
1989
4690
3290
4238
1411
3205
4723
2964
473
664
2564
3498
5672
2160
2543
3269
985
2853
1284
3904
3520
5271
31
445
3058
82
476
2384
5081
1388
2423
4592
286
1738
1697
684
4754
2518
744
354
5425
5609
93
4603
3347
1487
307
1657
2258
1117
4813
2829
2193
4421
1648
4032
2744
4844
1871
582
835
3161
3484
462
1807
697
1830
304
3547
132
4345
558
5113
220
1419
4526
2962
1364
130
3590
646
3345
4496
5650
2275
1341
5351
4946
986
2509
4536
2916
1389
3573
4362
3558
1937
4893
3131
4879
649
1704
512
1567
358
3463
2851
3136
4684
339
5542
3075
3975
1488
2624
2871
2025
3951
990
1335
853
4288
3834
4002
2354
4246
385
3881
4417
4491
4039
3331
2166
4776
4809
1684
397
4425
898
2992
622
5242
2327
4259
860
1203
4738
5518
2492
4529
869
656
4500
5715
425
4444
4920
2738
4565
1370
4623
5022
3759
2315
3133
2623
1316
3827
2978
1621
1228
1058
5207
4117
282
136
660
4460
3974
5905
2282
5
3979
1278
1595
33
4925
5118
2528
1334
3961
2260
4281
1903
5493
5155
3169
676
396
3387
867
166
2414
2862
3989
1752
250
5294
3102
246
4728
409
503
3289
2212
1088
1984
85
5989
3649
4215
5544
823
3548
5030
4739
2487
5736
5144
4724
607
2186
4584
2713
3702
1304
2666
2756
818
3849
4385
3228
2017
1397
2572
2934
5731
2848
2215
5010
4685
2587
3913
2630
1908
4499
4607
3077
1075
5541
991
2501
1003
4868
1189
2452
227
1368
1775
2808
2455
3694
2904
2571
658
3065
1194
4667
2632
564
2860
2001
2394
1781
219
2584
104
1835
866
204
583
2643
2031
5074
1143
4226
2607
1746
4848
947
2135
1941
442
1806
5727
741
626
2760
755
2295
1450
5851
4919
4145
2950
2706
1199
1976
2999
2609
4329
1295
4407
3921
4598
1689
4766
164
3872
1573
2742
945
4030
1037
1600
1
3145
108
5376
3108
2262
2123
2595
479
119
3743
2754
5080
5066
2727
1133
3536
3445
453
2919
3693
3483
1878
1116
1064
792
3431
577
4680
5276
260
1279
560
379
1968
4965
3936
735
4971
3778
4845
4104
4390
2405
5503
3627
3973
5483
1860
5049
4452
4090
3850
1055
484
2814
1254
2484
5706
2844
2619
2977
5400
4579
1890
3292
5152
3092
4003
4465
1042
3662
3071
1688
292
4648
4818
1453
2082
3107
3197
699
2976
4203
1811
408
5750
5359
4391
1931
3791
1652
5737
1778
3265
2094
3433
537
5605
2684
5116
3622
2441
3905
4908
981
3319
212
1180
5334
2475
5339
934
5936
176
5726
661
1044
1514
3455
3816
899
5043
916
672
3438
5280
5316
1615
2482
6
1348
3937
2979
2737
2946
4093
1399
3457
4092
4063
5872
789
2096
2980
837
3843
3982
757
3060
2747
127
419
924
1128
5883
3420
3624
859
1609
2867
3917
1234
2152
4416
5930
865
60
504
2388
4672
5572
4880
4559
1850
1083
3550
873
1208
5464
5665
3732
5044
3032
5361
2408
5627
4250
5171
5775
4583
2836
3968
2913
443
1505
3224
4181
4733
2520
134
2098
1865
5946
3422
3618
4318
5412
2855
633
92
5998
5247
2052
1772
4367
855
3678
5375
16
4278
1111
2603
1185
4826
5549
1156
5604
1779
5254
1715
5825
1892
988
4665
5193
4409
5742
4885
1748
1911
3966
1330
121
1916
5007
131
4509
2372
4183
5233
5182
2294
1497
403
2118
3601
4038
4466
4175
2640
827
846
946
2451
1001
2638
1729
4576
5227
1227
1942
5055
2965
1428
2665
3941
2154
2385
3016
4291
300
4549
4349
5799
4199
2886
3626
3873
2311
111
1555
1321
2693
3235
2711
2417
4568
1541
1261
5626
5292
5038
3829
4815
3144
1371
3830
809
3199
4958
4130
5831
4159
691
2120
3734
4596
3667
1069
1886
5378
2869
4388
5204
3615
886
825
3380
2594
2366
3340
1912
3611
2519
1481
3383
4056
2065
4052
5611
754
776
5178
5237
3889
550
5517
4574
1909
4705
645
2237
624
4960
4265
172
1336
764
3324
1101
957
3151
3533
4127
1732
5624
3853
2241
5212
4263
2081
436
5667
2225
3773
2534
2229
3278
4249
5890
1629
943
3967
5983
495
5719
5323
2981
4505
5687
5419
4432
5164
3786
384
670
4355
2425
4819
2429
5278
1441
4656
4951
1429
5765
4128
5988
736
3305
2799
5102
5879
348
5349
155
3472
1489
2823
1549
5602
5073
2232
4151
549
578
1061
5720
2110
5426
2109
209
1672
1367
1646
2892
4133
1308
1002
266
2589
5778
386
4134
1800
5266
5903
3910
4681
2843
3757
5461
1106
5394
5817
3395
4054
3282
3465
1902
5839
3316
1508
4867
1184
5927
5405
3078
1889
4395
4540
5348
4734
2360
5863
3999
5355
513
1665
2857
1519
5330
5689
3256
5046
1351
1808
4346
2874
2174
4997
662
263
5057
1286
1653
298
1119
5290
1690
519
2377
2774
4229
984
1512
1299
1063
1221
5575
5496
3404
5649
1655
2757
388
139
3211
570
2750
208
756
1263
2508
733
2281
5143
458
2062
2781
4914
5429
589
3628
3024
3497
5025
4239
5173
552
1656
1624
4881
3645
2580
1340
4602
2825
1521
4765
1087
4122
5748
5552
5807
2338
5957
1310
2227
501
2343
3225
3362
1241
3909
2053
5852
2664
2355
407
1894
3864
3762
1735
2467
199
3714
777
5166
4688
4876
2006
4370
412
5027
2523
5630
2726
3863
1962
854
3976
1465
3620
3684
911
5906
72
1910
1220
3644
2435
4478
1915
361
3364
356
3704
3546
2259
3350
5823
5677
3320
5530
2288
4654
4433
2647
2060
3833
4763
1264
5808
4562
3776
5056
1939
4017
1963
17
280
621
3676
3021
1693
1887
1281
5556
2397
4537
3576
1524
3414
5773
4703
289
5428
3593
918
3509
2906
4428
3079
2374
2495
3124
3959
1414
1288
3100
2490
3155
2153
4321
3193
4247
775
2932
421
3583
2650
5221
4832
4730
1846
2988
478
1760
1905
1445
285
2240
881
4497
3592
4727
3057
2351
5275
1294
1836
520
2293
3179
5877
5789
3886
5693
2274
2431
2299
786
4512
3430
3094
2622
2164
2013
5042
1822
3250
1833
5922
2554
2179
2469
612
5900
3781
3098
1015
2985
2982
1209
1691
3862
2884
2655
1309
2079
3577
4264
5555
183
1888
4328
1517
2474
3329
3981
4864
1593
4476
3436
820
434
3607
58
4645
5758
5985
593
3400
5717
4364
4139
4875
4968
1033
3242
636
5285
5107
959
5870
4045
5205
1709
515
3367
4962
5306
2242
452
2312
1461
546
3795
5190
5858
3218
3302
4083
5300
1415
4235
4985
3028
3544
767
5794
1586
3460
3370
5776
623
4615
1650
3767
1435
561
4066
4742
788
1155
2230
2956
2438
2969
2778
70
3363
1925
5599
696
2331
4696
966
2887
5004
1004
236
3880
1269
4649
5001
1837
574
1981
4884
5981
352
3174
3972
3201
4944
1192
1251
2931
5884
1983
5353
1349
4571
211
804
2739
3231
3447
5439
1137
2087
2444
1770
5297
3481
4010
2339
4591
554
1870
810
3501
4211
1417
1994
1070
3892
168
3073
1988
3744
2402
4168
4221
2771
1863
5772
5521
1283
1603
884
722
5607
5219
5835
4527
974
2276
3660
5695
1313
4675
5202
5133
1885
5594
4572
3799
1008
5529
4523
5526
228
5455
4708
2575
797
772
1327
2029
5896
2074
595
4657
4344
1616
613
5052
4830
4137
5140
5722
1324
2055
1509
3245
822
3234
1402
732
1985
367
4381
4542
4912
1047
3575
3950
5539
1795
2831
3217
1637
148
2125
4578
4977
2581
3915
1379
1588
2139
2553
1722
1882
1110
1581
1298
5222
5141
5874
3503
4398
3063
3202
908
1564
4547
4323
5976
3745
3646
4047
5019
2283
3044
4457
2546
319
1100
4118
4225
1499
3701
3010
1827
1057
3244
2468
483
2673
5949
2088
5009
4371
4882
3372
3682
4966
5934
2383
3182
2304
2618
457
1255
1438
3703
3709
4853
5666
3428
4315
4212
3911
410
601
117
2358
2443
1515
174
2091
2927
5679
2561
2922
5172
2768
5333
4921
2880
5187
3299
4543
341
2945
109
3640
3563
1992
4530
3819
5363
1243
2004
3076
78
2392
1622
962
2040
5321
110
4846
2597
2210
5365
5933
159
536
2127
3097
2007
2861
2002
5235
1355
4892
3223
3698
4351
5997
5036
4169
1315
4964
1713
5892
295
2223
5453
349
2776
3761
1687
4517
4336
1582
3711
5384
1418
5462
4802
5371
3670
5861
2457
4292
2903
3642
252
4751
3323
2349
4004
5948
2493
61
5774
1115
2401
480
4110
4097
4363
2957
4113
1927
1420
2635
4059
4325
2556
3524
5047
5768
1875
4624
4413
3506
2333
377
1421
3534
3087
1572
3236
4439
3641
679
5507
1978
639
3609
531
5340
1455
1922
2245
3183
4510
3084
1947
4513
5854
2284
5652
3307
1590
2064
4273
1041
2337
2764
240
1933
4889
4018
5912
3026
311
2535
5427
375
3135
1032
2510
2143
563
4023
5855
1636
3294
4061
317
2454
2788
268
1376
2805
3106
5298
4040
1659
2921
4594
1787
5741
1273
5097
1587
1929
335
4556
3742
734
1959
4208
5568
5344
1020
5352
2614
5703
3855
2730
4205
2057
2807
3074
3198
5965
1323
3204
3983
954
4544
2677
5662
5784
4697
1975
2309
5312
5477
3491
3586
4927
3031
3821
5377
3812
3808
1540
2037
1319
5634
4706
5569
5738
4132
1674
4194
4458
2941
3906
3926
54
2497
1479
5402
3554
1470
4850
4313
2375
1801
3687
3810
955
666
1698
4191
541
1855
2936
4438
2568
1877
5270
4209
1799
28
1641
3584
796
2657
4621
3955
3252
2217
1442
4861
4587
35
1545
937
2850
3602
4926
815
2897
2248
2097
3396
5942
3397
3358
2442
5196
3553
5643
321
683
1277
1035
2254
3273
86
5527
2560
5658
5414
1742
5898
4843
4261
1544
4268
1605
1654
3113
2177
5277
5675
2403
3805
1645
2023
4955
5621
5180
913
4659
2146
320
4555
2837
605
2615
3519
2155
3053
5163
217
218
2318
1747
5186
3868
3247
5039
870
52
4216
68
3914
3262
707
1826
277
4836
2207
2393
4108
5424
2780
845
3526
753
3557
4204
5103
3716
24
1170
1809
526
1493
750
2661
5268
4025
3774
4563
3766
3632
5105
2777
4254
4423
281
3412
492
1893
1794
5725
2972
4911
5149
4614
5793
5197
4424
5395
615
4609
5966
245
2804
4873
4284
3666
1052
271
306
1426
5249
3212
1183
3454
2873
4789
4617
919
3040
4053
238
3255
2626
1193
5490
2261
4693
1548
3162
1965
840
4772
1136
5612
5495
1129
5112
291
4887
4800
4180
1424
4403
4252
2265
5480
1486
2658
5632
941
2251
3780
5109
3707
5165
3275
5814
2997
5054
805
2775
2137
506
2602
2044
192
1091
5213
454
4781
4084
2967
1731
1366
256
305
3158
4359
2599
2898
2769
1539
2128
5267
4483
4764
3023
5645
1045
3790
3480
2515
5150
1145
5404
5816
4662
376
329
808
5543
1919
5398
1663
1113
3797
2806
3280
2958
4126
3486
3650
4947
2547
923
708
5914
3276
2544
1556
1362
5416
1669
5239
3931
2954
4950
163
5642
3631
4528
4839
4718
2796
4550
4891
4750
2895
170
610
4456
1134
1318
1301
3080
2022
4599
1743
3489
3847
1235
2379
4995
759
5367
4553
2138
4201
5041
1385
3437
2300
4638
1862
2321
3386
4354
4747
3114
195
5326
185
4485
1433
2662
3210
2391
3359
2156
4552
2246
4831
3272
1149
1144
1619
4299
952
1439
3585
1347
5571
1951
2149
3866
3803
5705
2639
5064
293
3064
3304
1290
2235
906
5551
532
5805
4490
778
738
332
1046
4375
232
2406
5225
4828
229
2539
3399
115
5472
2911
5061
5040
5463
4820
5185
3985
2942
2058
5553
3214
4761
4418
1884
655
4643
459
507
3944
3938
4070
2472
5585
2145
3758
2436
891
3939
838
885
2696
1610
2669
1812
5475
1214
467
4016
5945
4538
1776
4948
4639
533
3858
4174
4451
2382
4817
3788
2483
5876
2359
4991
4376
4377
4679
4606
3020
2112
56
4646
4976
5780
927
1510
529
2736
4604
22
2667
4894
262
3594
3671
721
4087
2323
1961
3580
3935
4166
2925
1667
2729
620
677
2529
2876
2576
983
5824
2649
5875
3664
5327
2504
2532
4637
5806
3365
2481
129
4661
4519
2208
1736
4138
5935
327
4399
4605
37
2409
5613
3715
4569
1346
2009
41
2348
4453
5440
4309
4015
5548
1643
2335
4164
1382
5716
3918
2453
3104
1552
2810
992
1966
1484
4652
4079
803
5787
5374
2214
2205
1686
2296
2699
3794
3947
3895
858
223
4928
1328
2586
4360
730
4784
1425
5459
3238
2078
1394
3897
273
2183
2362
10
556
4114
4698
5308
3379
2879
433
11
1638
2307
3494
3434
3251
1478
5853
3083
4086
4860
5076
1979
138
3375
1972
3456
5810
5969
4207
5880
5132
2716
3281
2381
3382
4019
4683
4106
5659
1842
87
4625
4704
5862
5766
5397
3874
414
1270
2100
2204
1700
237
4890
5587
5206
2019
572
5438
3111
1750
2440
2959
832
1422
4435
3885
188
3326
34
4119
4020
2095
2194
2702
2522
596
5194
1446
2216
2244
401
576
4910
5545
5826
3443
5619
2399
1677
1815
5951
5029
2480
559
1135
4447
3125
2252
747
3680
896
5522
5032
1427
3464
3355
2994
5809
5598
3264
3793
1378
4753
1790
5913
368
3284
1222
105
1232
597
4956
3528
5606
2198
5991
1215
3750
2813
3551
2368
5769
2342
4394
3137
1361
3354
3140
2511
5441
5101
680
20
4217
4270
5956
2802
4546
5982
5515
4793
2170
3836
2616
3086
4978
1200
1036
126
2710
1182
5256
4630
4009
387
32
2056
4006
3147
1762
1955
4492
802
3215
490
877
5162
3630
5214
4055
768
1105
3871
74
2555
1673
2852
921
4099
1171
4361
883
2986
1723
705
2163
2715
3095
3920
2085
5434
4694
3674
4436
3448
2228
5179
3706
5743
5878
1569
152
2332
7
4922
231
3796
2263
3469
5939
5192
4422
5867
345
2745
3128
2122
4518
1664
2421
3230
2189
3867
1537
5089
5100
4041
5335
3006
700
1867
807
5840
2195
334
1127
398
4564
4752
1363
4036
2792
4619
5217
30
3514
4636
3226
3349
5865
5928
1527
3725
5980
2670
862
5764
3043
3392
4494
5960
932
2324
5646
3733
2797
4990
1980
5364
4953
2500
3150
1095
2446
404
3257
4758
634
177
5127
1611
5919
1157
2471
5850
1472
1858
2516
3875
1142
234
5603
4461
4895
4488
3997
3991
2099
1921
489
1072
1803
5770
2084
1197
2905
2989
3029
353
1408
63
4042
517
5470
113
3129
3656
2786
1482
3633
5449
3636
5322
3005
3804
690
3461
3239
3861
963
3760
456
3185
112
4940
4759
5018
4785
1764
5444
5959
2507
418
3360
5184
2047
689
4357
2243
1186
608
89
2201
244
2987
1716
748
2072
5008
95
587
2234
1917
4219
3287
3719
3710
1607
3720
5699
3588
4442
2373
834
3261
5763
4586
5069
4195
4531
2642
3012
5138
2634
1006
4534
4746
4293
2132
2606
629
1338
2103
5499
4702
5636
3154
471
47
3459
5343
5086
79
251
4720
500
4987
1248
23
5779
2890
278
2291
1553
1458
950
4074
5901
5037
2090
3260
4125
2140
647
4973
5218
351
3965
3062
1895
4410
539
3376
5639
2271
769
3992
2116
4916
3408
2611
848
5701
2718
5704
4290
5691
400
5628
3346
2784
4064
3665
3160
1932
3241
581
3542
4480
2035
5918
2365
2612
5273
4897
1632
5338
3879
4795
1148
5125
2697
5592
2102
2714
4477
681
5673
301
15
2187
2049
5241
4811
4347
5024
1900
4745
3854
4468
4782
3368
1948
468
724
1423
4482
4144
1793
1447
2460
1466
1188
4082
1471
3513
3003
265
657
1244
1159
430
2526
1440
3495
3516
2819
2448
3341
1914
284
1400
2660
4029
5051
2220
4988
4743
3167
5257
4129
1971
4896
254
5228
1872
3924
2219
2752
2038
399
3138
1390
3126
3543
4228
3884
2419
448
4028
1154
4842
3549
4170
4400
4735
3159
1456
1940
4939
2357
5482
4333
910
2794
4302
2762
5158
21
470
3249
1613
3825
2003
1274
1891
892
5674
94
2591
3657
1880
728
224
3120
5762
3259
4678
4629
3310
2613
534
2552
2549
4172
4610
4975
5200