7000
3516
2458
5157
2195
5698
2333
3514
5056
6554
4824
6958
3902
2989
6891
813
6949
2433
6266
6093
1291
757
5677
6800
5968
162
1671
3627
4675
5993
6456
2394
6108
1327
5777
4344
5348
6027
6997
1289
4185
4224
3635
3168
1619
6022
6245
1750
5580
6077
3524
224
4493
1758
6410
6247
6620
6570
3826
2291
6044
3671
859
3786
510
3068
3314
4870
6244
5207
1062
3651
5346
3719
3526
5048
2481
6085
2403
225
1863
633
3
5011
864
6421
1507
2832
4703
5856
6813
5017
6731
2961
2022
2321
1966
1473
5061
2670
2738
2057
6662
1043
1746
1079
5490
3040
1640
1351
1118
4278
1997
5321
2010
6282
2674
4209
6657
4766
4800
2382
2669
3113
468
2663
4872
5942
754
461
3602
541
6265
3974
3754
5075
4644
4963
6269
4798
4711
5028
6600
4073
3530
3212
5240
5766
1090
5271
4098
2864
1014
3523
6990
2341
582
6686
4997
2568
6212
6923
3837
6189
4103
3604
4326
1620
6694
1347
6906
2148
5517
5754
4561
6066
5676
3914
4855
2367
542
725
459
2229
3398
4620
40
525
4171
5311
2857
146
5285
102
3098
118
2891
1582
1779
5384
2222
2908
6198
1876
5438
363
2375
3405
599
1044
2881
6233
1716
3737
4490
6793
5783
1181
6273
2637
6968
1850
5460
2539
431
1649
6996
892
5508
2562
2091
2855
816
3330
3817
3139
316
702
1427
3076
534
530
5447
6040
835
6571
1029
5133
336
1608
2303
1295
3795
5999
6917
6807
5461
6329
6817
1329
3533
3262
5735
2309
505
5083
832
2615
4148
4613
6281
5638
3203
5079
933
5882
3299
6238
142
2547
559
2301
5486
1038
88
497
1633
1611
3035
863
5645
5988
6106
1564
2607
996
6593
2636
5546
2284
6508
2605
943
6256
3718
3265
5110
2335
2975
5505
5286
1323
399
546
5753
1179
2417
6300
499
6391
2461
3065
2141
1034
3147
3286
1480
1528
3304
1762
6457
3455
6433
5565
1451
6584
1722
1256
4225
2619
6330
6639
3023
3102
2719
2798
3339
5270
2884
4994
1837
1941
6837
1097
5664
6191
4395
3710
6557
30
3686
4367
6857
4379
6945
2516
362
6834
6972
5372
397
6916
4583
6160
4010
2793
2078
2790
176
5934
1815
661
5377
3623
67
5141
4498
5198
1967
2056
3267
1057
1015
749
2827
5227
2365
5039
4136
2475
904
3722
1344
15
1147
3158
2935
1239
6171
1249
391
535
1074
1246
6544
6843
295
178
5232
4308
4248
889
96
1860
3876
284
6295
5146
2988
1305
1299
3226
3345
3015
2067
2329
491
4589
5492
4719
667
4714
3617
2993
2339
3958
4826
2130
3570
1282
3386
1845
4727
6776
4200
221
5605
343
2469
1924
4689
3525
2330
4305
4234
5430
2921
4068
305
4108
4120
5809
1598
3150
48
547
3588
3599
4834
5908
1275
1472
4884
6764
6158
5186
5893
4645
6760
2786
6220
1682
3122
2137
668
5073
5137
5827
6767
4696
625
2573
1943
3959
6999
2831
2888
4075
2065
2649
6624
4830
6623
785
595
6611
6318
1844
6714
5482
486
4735
6644
170
1643
2340
5592
5302
954
1194
5086
6674
3665
1244
273
6197
4988
4295
6119
4930
6594
4251
2769
3318
6393
1959
1349
2205
3280
898
246
5587
6733
4046
6896
2478
4953
1904
184
3637
5556
4669
4318
6195
2675
6908
508
4914
4523
3701
3273
1660
220
20
689
4365
4006
2042
59
4861
4407
6787
5570
3334
5081
6934
5114
1822
1978
5983
6610
1116
308
151
6957
949
2785
47
1168
1614
6851
4605
2862
4702
50
2815
537
5255
752
462
3762
6739
2701
4423
6961
3873
6928
2684
4113
4909
2132
347
721
1786
1663
3870
1624
2415
2353
1979
5370
1
5584
5951
6359
4551
3477
5498
4235
5775
6060
4918
5431
5196
6956
3742
419
1715
2932
6497
2654
5122
5611
683
3310
4181
871
4324
392
1531
1322
138
4857
5410
5067
6860
2109
3202
4755
3593
4938
1556
1939
5126
6325
2338
3863
513
1830
2238
4836
6242
159
2086
4492
6599
4449
1962
5790
4514
1220
6356
5917
1778
1883
1420
796
478
3090
349
311
714
2763
2425
5446
3315
1686
2108
607
1809
5895
5586
3140
4791
2812
4021
4359
2929
2496
443
803
5859
6430
3898
6781
2782
5264
1871
2546
3969
78
4028
3380
5266
6012
6115
5588
6386
5932
5653
2465
4876
203
1341
6452
1708
1490
3390
4911
5502
3645
5527
4412
1932
5657
6683
466
3626
6629
4398
3931
3485
6525
2652
2380
5595
5261
5044
1005
1557
1991
177
1825
1579
1922
6246
5972
3184
3082
1729
6143
71
1131
5585
6344
2413
2830
6633
6883
272
3783
716
3571
1581
3909
2582
5322
2094
97
1891
3260
1212
5671
4726
4955
6852
6308
4445
2422
2310
4901
3695
6967
5131
352
2653
2531
1218
4628
2047
2306
3717
5701
5734
2590
5113
3346
421
6509
2587
344
4114
6485
5363
2399
3569
63
1505
5836
1197
4418
2924
1136
2760
6920
919
371
5167
5555
2813
6400
4821
2046
6068
658
331
3511
165
6174
6585
60
888
6886
4416
736
6264
4898
6228
6169
3136
2520
2555
1471
724
3919
18
1156
201
4904
1497
4435
6499
2408
2956
1098
862
2867
4858
5352
1100
2789
4331
2082
2824
4546
1389
570
5820
2255
6941
3180
5957
3981
4655
4781
5008
4591
5933
2402
6032
2912
3437
1004
3116
4976
562
6088
3354
5107
3732
2794
6501
44
1546
1311
5012
2788
4491
5098
1399
5233
3029
3814
4977
6839
2473
5965
3799
814
3196
1504
2295
5282
1958
123
1811
3728
3697
5085
2650
663
4499
367
6114
4924
3672
5057
6555
2538
6685
1018
743
4271
2518
729
956
3338
6033
3479
158
1391
3495
2845
2099
11
5434
3268
2211
5713
6808
590
3059
2209
1854
5238
131
4306
3899
1457
5049
1697
823
3108
4825
4664
1459
2804
5866
2259
4195
799
4962
4294
4053
3329
197
3939
1935
6405
2553
6232
3051
3761
5818
1460
3220
5757
2350
6464
195
475
6502
708
4603
3224
3932
2299
5806
623
1320
1437
5315
3741
2626
2500
6987
1524
4163
74
1629
4081
1879
897
6469
2226
5106
2194
6743
6530
2247
6431
5338
3377
1835
706
6930
5158
3656
5015
3564
1777
5705
2181
3093
113
2414
5672
5507
2877
556
5138
3471
4697
4024
4874
3748
4933
1927
2909
969
5045
2847
2796
1468
4156
2268
5228
1306
5018
3895
3632
529
4406
3537
730
374
6328
3422
3664
5982
1102
3778
567
116
4541
1259
3297
2264
6846
1499
5097
6153
1689
6844
4776
4009
5312
1541
870
3666
2535
5650
5931
6320
6252
6897
3469
2164
3661
2509
1947
5994
2121
4193
6679
953
688
1498
5810
6190
2995
6007
2503
3558
5755
6989
1470
5387
6977
4657
1824
3430
6333
317
1533
4942
5636
3556
3031
2525
4356
1501
5744
4049
3121
2572
1764
2600
710
355
149
3829
945
1053
2318
1789
5617
504
5958
6177
3242
1048
2418
2155
1817
755
2774
4474
3188
4018
13
630
2354
2708
1509
4058
3972
3042
4868
3693
3257
3091
797
3522
3947
4133
6670
4793
87
1635
2764
3759
6608
3547
5857
3567
869
4958
2344
907
2293
5119
3976
469
4059
5330
536
1842
2716
1813
1607
3714
166
6475
2836
6203
6467
5966
2972
3779
963
1887
314
5560
4944
6437
596
1747
4129
1910
594
2593
5071
4593
6395
447
5219
2721
2722
3387
3833
2274
5791
1248
3151
370
3800
634
6086
5293
1622
5831
1761
5390
4929
3115
1615
2918
6293
2647
3642
2783
5652
1026
5642
3893
3503
1954
5163
5304
157
3127
5737
3253
5719
3026
1720
3649
2387
4989
238
4196
3515
51
4741
137
6728
2093
6586
750
4864
4094
6155
5606
544
3675
2577
6929
2241
1662
423
5861
3289
2543
6702
6376
237
2822
4710
3757
2514
2567
5578
839
4262
3607
2051
1976
6272
3794
4666
2828
4417
4004
1436
4733
2223
5402
1529
2791
732
389
5089
5554
5589
962
5975
3615
636
228
2404
424
1503
4069
3460
6842
516
978
199
6100
5016
1704
5192
5254
3284
3131
4151
6856
885
1068
2741
1559
5869
2651
1977
2946
4494
6795
5625
4296
6445
3312
532
4440
6894
4974
6112
6735
5774
5378
5225
2355
4034
523
4677
3655
5509
2889
6820
6915
4197
5453
1488
2766
3883
5662
6964
2799
1214
690
85
3591
1093
6248
1159
3510
5728
1441
6206
6745
682
3760
2149
3753
2001
3949
3118
6490
1685
1990
1630
6976
5785
3535
3060
4126
914
679
6933
6520
4358
2542
1330
5659
6577
1929
2720
3539
3356
5308
5551
4595
765
1544
2570
306
5003
1903
1699
6542
5590
2695
2495
6890
3777
2232
4282
4409
3687
4701
5457
993
5236
1283
4140
887
6168
4263
2165
3388
4452
6372
5577
1375
6681
4454
593
891
6750
3736
1277
1551
5841
2258
5795
509
6613
259
684
784
5710
5879
4805
2204
3414
3250
132
2963
3948
746
2426
4775
657
6592
6983
2275
5127
4155
401
6924
4698
6379
798
3858
1561
3229
406
5006
2886
5741
288
3776
6948
5718
620
2334
4119
5666
753
3225
5572
4684
3636
6223
4501
5077
3848
3128
5926
2536
1680
970
1673
3013
1517
3964
2523
4286
414
899
4576
4056
1059
5413
6234
4244
4653
6453
921
6676
2063
1600
1369
2342
3248
5369
4145
3874
3970
2435
5865
662
3616
2175
6370
3245
6262
4270
3481
2218
2515
5878
2846
6591
622
6687
5936
2405
4390
2631
2390
1542
5901
561
6511
4682
6327
2510
4661
1412
5937
2629
972
4782
6527
2371
5040
5403
6097
1092
4633
476
4243
2696
5200
3215
4091
6582
3132
4581
854
4660
4484
6461
3375
4585
1242
109
1031
539
3111
2493
3582
6167
1982
5156
202
5230
1646
4968
1948
1019
5201
4956
826
1516
5295
740
4616
2332
3005
3933
2074
3472
4174
2196
2916
5687
3684
3033
3295
2017
1869
5868
3038
4756
5674
6829
387
1294
4670
5272
6628
1170
780
4149
2163
783
3014
4720
819
318
5963
6652
4945
6877
1060
3739
5162
699
873
2360
538
4215
3130
6698
438
2142
3382
703
6821
2368
2459
3274
1461
944
4695
1222
2532
4299
2472
5615
3392
4003
762
1304
1569
6116
3263
5985
1858
5506
4678
6521
3456
3509
5148
2977
361
3920
2187
5170
2325
5984
4074
2280
3999
5824
2898
6207
3633
4401
6867
4724
3080
6271
103
947
3376
646
1479
304
847
4759
3860
3434
4393
6492
5978
2906
1710
6289
6363
879
1898
2169
564
807
6345
2545
3214
4383
2476
5723
4190
3344
4424
86
5164
6087
955
5333
2440
5169
3541
3850
1150
4647
2143
4085
2957
4547
2212
2999
876
4123
3246
4481
439
4111
2560
927
6889
2506
6307
1676
6081
4375
6015
2621
4313
4175
2616
2576
723
6440
2878
598
6559
1626
1695
4434
66
64
1372
779
4015
4083
5924
2630
5582
5176
6661
1199
5165
3043
4112
6899
4186
5627
886
614
4601
6828
6144
4574
2464
4992
4192
1981
4840
3194
5280
5692
6618
2962
2050
3213
6855
1376
1452
3596
4845
1623
28
4191
2171
330
6902
3238
2895
2245
6140
4238
2519
4307
3702
1406
4141
4833
6152
2019
2938
2246
2428
4479
1042
5247
3679
1388
3056
6799
3137
5928
4812
1051
6736
6563
4738
1343
3905
712
10
2105
6513
6038
136
822
1766
1054
2439
5800
3846
2746
3408
3565
1417
1539
1073
3897
4184
5115
5205
6975
1968
1125
884
366
5290
1651
4220
3319
1632
4117
408
5195
4967
6473
1463
3162
844
6480
1272
1076
4327
6384
1363
2811
5689
5520
4300
1258
5897
3463
5811
5241
2899
1140
4219
5405
3017
5989
49
388
5053
2236
3333
3383
2215
6713
6196
1897
4652
2672
1141
1896
2558
1751
6026
4026
5100
329
737
1414
5609
763
2176
4740
4458
5528
4029
2045
213
3453
297
6381
474
6028
5019
3520
4154
6634
3008
4536
243
6503
4332
3990
3450
4920
1039
3744
4291
4214
1752
4408
1625
6642
1949
2423
4582
6388
3336
377
6621
6951
2062
1780
6072
6740
6210
5030
934
6162
1672
2676
998
307
3807
5821
6342
5722
1770
3070
1877
3302
3659
836
2235
2925
6014
591
6332
1023
3433
3269
5473
6663
782
1575
883
5628
6151
6942
244
5250
3117
1719
326
4152
2359
3855
3584
4052
5136
1011
1661
3536
2923
2357
6660
5533
2528
100
6488
6139
4922
1171
1186
6605
3037
2271
5099
2028
6622
5681
4432
2106
6444
427
1444
1036
2937
6697
5804
2007
5794
3327
130
4629
5519
4147
5415
1833
6666
193
2691
2537
1126
512
4032
6360
3804
6296
6580
4288
5416
1364
4554
4090
5647
722
1216
479
1585
3611
2041
6149
772
4999
580
957
1164
5450
2014
4016
4425
1137
2443
1413
5023
5971
1618
1045
3379
1458
3216
5500
2599
6690
3252
6432
4718
5873
901
6874
5635
5327
4760
5108
1763
4716
5478
514
2852
6869
2797
4400
4750
5374
5226
5249
6287
4852
4743
6909
3012
1568
1250
5885
4780
4433
4729
4642
433
4926
6053
937
3654
5268
5712
3521
6127
5853
2095
417
3670
2557
1599
1916
5469
742
5996
581
4067
1748
3305
1980
3950
1003
674
2693
2638
4461
1202
971
771
6794
6882
2298
4563
2851
4255
3989
2922
1331
5292
5412
2199
364
4917
3847
4218
2088
2177
2336
218
1521
5300
5732
778
3366
2113
2698
2189
4164
2936
1047
6749
6235
4057
4708
6417
160
200
368
5969
204
6864
3918
264
3028
2307
3960
4128
4778
1804
5051
1027
3129
812
2702
2755
677
5731
373
1527
4580
163
5599
507
6737
3815
4335
4316
3197
2346
5748
1385
3451
6018
2591
4269
3428
4399
726
2724
4486
4667
1888
3758
3612
3785
4070
4093
3418
5139
5076
4516
3255
2485
2377
4031
3808
4814
1326
672
3222
3707
1881
467
1738
2776
3368
1402
487
4350
6243
2012
3193
2904
2872
2315
68
2279
6782
6054
2524
2249
3432
6614
920
5428
4745
5007
4752
4764
5544
6462
865
3915
5956
4378
2928
4336
577
4783
289
1506
2302
5188
586
3889
2018
6118
2974
1251
1041
4413
2771
3984
2427
6998
4102
3608
4227
6299
1942
6192
3311
1336
6358
1823
1393
3681
5872
3921
2979
6260
1253
3335
2497
974
2879
229
2203
4276
6073
6396
5987
6268
6161
4982
6880
3927
2973
4849
2743
5189
3581
5435
6418
2870
5037
4923
4339
4602
3934
2251
6550
2202
939
2053
3293
6069
5210
3864
6278
1190
1818
1964
1681
4325
2550
2282
2559
4619
1195
3389
609
4260
3125
6450
5960
5371
659
5581
2431
637
5655
3796
6043
1346
1292
5341
5649
3415
3586
339
2658
1810
2762
2474
1139
2655
4960
2070
4817
2452
2876
647
1543
2610
156
6
877
1983
5767
4169
5904
5691
643
2761
4990
2173
5954
5624
4853
1204
4022
6995
3190
1165
1167
6534
1946
6397
2349
924
6078
5566
983
2571
653
3625
4787
6959
5604
403
5715
3723
1972
2316
5720
1384
605
2127
1467
3589
4033
2317
2208
4768
6142
154
5288
6966
5973
3512
557
1520
340
5152
6671
1313
2948
5143
214
1765
6290
3726
1430
5349
3628
5479
5535
6703
1107
4794
4950
3727
6298
5452
412
6215
1211
6493
3077
3148
3291
5391
5867
1030
4586
4436
1890
1567
1812
435
3562
1223
4281
266
1834
5778
4439
6892
4477
6446
5875
2859
3768
1909
855
4648
5419
2
1138
2276
1173
5105
1378
1000
4635
147
3961
3373
1447
3004
4600
2157
6796
6390
6875
1371
2887
4519
3232
1067
1814
5913
2753
6002
4087
5231
3010
6121
4797
6960
4939
5641
360
3907
2732
1653
4118
4139
902
2054
3513
656
4464
4631
5575
222
5858
1050
5538
3417
3106
3811
4125
3370
2744
3629
6459
2388
6059
2145
3416
1193
5921
3928
1588
2311
5909
1744
3313
6213
1394
3351
610
995
4311
3713
6759
2686
1961
5497
3470
2331
4410
4483
283
1925
3288
1936
2943
6515
1122
4656
673
922
576
1986
660
2953
1654
5376
5318
5088
6684
2954
4355
6748
4691
794
4998
139
2860
6912
1760
3411
3801
3081
5331
6715
4441
4446
626
2714
5442
4915
3064
2750
52
3123
2775
3505
4293
1545
4240
1477
2470
3913
2994
6383
5651
4045
5052
6604
5064
5422
2787
5065
262
3394
6984
3639
5259
3045
2730
3865
1724
5314
3559
511
6255
3555
2511
5703
4848
5711
1893
2627
6643
4880
2313
4885
3423
1478
3027
2217
2267
649
3967
4480
5291
6806
2374
1882
2622
1404
6632
2237
4931
3955
2327
5021
2606
4672
1241
2598
5355
1612
2447
1727
4387
1494
3048
4676
5825
5839
3444
3957
6667
334
4624
2487
852
1583
3011
518
6128
2118
235
1733
3545
4027
1152
252
6596
1266
2910
1884
1438
2083
1940
4107
1657
4257
36
6036
6854
5808
6063
6062
632
5245
4748
5612
4030
790
6315
3052
1087
465
6963
3362
1446
6859
6134
5463
1714
4749
492
2378
1670
6932
4371
2841
5826
3424
3086
3838
378
2623
1647
549
6061
2213
2052
3427
3674
5211
5129
5025
700
5801
2664
2611
3942
500
6468
5262
2707
2391
6080
6311
233
1084
4981
6084
3359
1158
5078
248
4937
6816
6401
3809
2069
1664
4252
3363
1134
226
4019
4357
5454
240
6797
3254
5340
1269
6079
1970
6237
451
4612
4810
3781
6331
5814
6354
5835
2466
3590
1644
4520
3492
2512
150
1821
6163
4142
882
579
1656
5787
4751
3872
3647
6039
4838
4042
2734
6988
6216
903
1576
6454
503
3557
2521
6598
5487
1574
6476
2661
5339
4873
1321
3691
5149
5130
1016
128
1448
167
894
6211
1550
964
4208
3275
2272
6353
3871
2407
1840
4468
3924
1148
1426
4804
4573
751
611
2453
5303
2660
6954
6918
6055
2228
2976
6838
2081
6294
3355
3624
1674
5090
2665
3721
6471
1130
6543
6786
1945
1255
5448
931
4559
3044
6297
1176
6103
4242
5307
4978
5032
4007
988
6645
4444
4369
6832
3797
4658
3323
6738
6780
274
5347
3995
1732
2270
464
2110
2107
4206
5900
5263
6931
2488
3634
2021
2997
4005
6324
5273
2592
3892
2688
1808
4964
2868
6825
3449
369
6885
1319
2224
1063
548
1366
5483
3159
2416
2749
5001
6416
5389
6648
4144
1439
1586
3573
6659
3244
4943
4837
1040
5915
5891
3186
5125
6092
140
4472
4654
4957
42
527
2773
1740
4527
174
3993
5414
3566
3866
1705
2266
5714
6830
2856
2727
239
1648
1788
6873
4199
1270
1610
5979
2897
1328
2499
5568
1112
6156
6625
4949
4138
6627
958
6706
4614
2482
6458
3824
2838
6901
5899
5832
6730
1297
6348
365
6120
1920
4280
6587
1056
1145
6789
1397
1307
5941
3306
1596
108
2874
4372
4866
6489
824
1742
5614
3703
1345
6368
3908
6218
2966
4187
1089
1151
3178
275
5633
4221
4579
33
4512
3532
524
1951
4674
2491
6240
720
6312
3050
4246
5305
4096
2502
3577
801
5510
5887
2885
1938
6442
2104
3271
444
5977
5986
5561
6176
2556
4731
5610
335
6185
4851
6378
441
5059
5361
6641
3294
4213
2468
1908
789
1318
2131
454
1379
134
6680
6057
2129
1010
2685
769
6590
837
6465
1787
1566
6479
5529
4815
1160
5183
413
6125
2011
3806
4550
6131
4530
1105
291
6102
5132
6025
1502
3690
5068
2373
425
6208
1570
6826
5229
619
4259
2951
6758
3412
5359
775
853
4867
6438
5596
6729
422
1407
2133
458
4533
407
1201
3549
1070
6724
4996
5197
2286
2964
5220
5458
1161
1930
111
6284
5902
5981
1602
3963
2648
3003
5828
3862
1325
4908
172
2541
2424
257
6187
117
1020
938
5883
4060
3598
6566
2715
2717
774
4765
2854
4505
5823
2709
2756
6487
6154
5558
6011
3454
6009
281
5128
2308
5877
6419
1359
3301
4124
6451
3498
5930
3119
5634
1725
2362
994
5020
2522
4947
6943
5134
517
4598
5773
6841
522
4946
4921
4388
5613
2471
3880
5980
2034
2713
3575
2981
6263
793
6148
2304
5386
4831
3483
4713
3793
5154
692
5911
3482
4465
1952
6878
5602
1508
6824
2072
5789
175
1753
6822
2097
1771
6182
6126
1841
5470
5532
4592
2484
5547
6047
448
241
5536
6526
3381
3601
3085
126
1221
575
3667
359
4354
3309
4526
2103
4634
3968
282
5990
2035
337
4105
4194
402
3446
6006
3945
6769
5392
2795
5036
5840
3055
6314
5769
3910
2987
6343
242
3001
6083
1419
4625
1484
6848
3175
4341
4469
2601
1518
171
3658
3881
6133
1208
4604
2256
1603
3682
5504
3836
1510
2193
4132
6422
3144
5838
4241
651
186
6952
5702
5284
90
5095
3445
781
5539
3282
4935
4253
2089
4699
5616
4420
180
3550
1228
1549
3343
2401
6003
4928
6357
3685
2718
4422
4396
3401
1768
4986
697
4002
942
473
587
1032
2818
2273
5087
1572
967
5408
4912
4531
6316
4380
3579
6561
346
3374
868
4189
3352
2314
3298
4078
1198
5411
1153
4538
3534
1192
442
4442
3662
5947
3138
5709
1310
3154
1519
1739
1293
2003
3709
5626
3683
17
6950
5863
2681
5935
1237
3049
4568
23
3413
4556
4188
3089
654
2677
4231
4071
5631
3317
1584
2960
2312
4256
2150
6547
3613
6199
5144
2678
6425
6222
1324
95
2583
6498
5864
1667
3640
3648
6194
3901
3468
6214
2025
1247
1146
5552
5693
41
2060
6887
2945
1642
1332
6496
3192
6831
2927
5281
4622
1264
3696
6979
2200
2849
3980
3882
1367
6888
6535
695
4641
6164
840
5747
2507
5881
3241
838
1080
6803
5779
1683
6495
2242
4110
1483
82
3803
6481
4237
2580
5746
2581
4466
5364
3063
2138
4095
3938
941
1377
5332
446
5350
445
6165
3572
6568
5153
6751
973
848
6884
5686
3790
4283
2667
6146
3546
1410
2370
6288
3769
5199
4232
6030
396
6394
6919
6439
1731
4907
394
6046
6980
99
2412
6371
4983
4651
5571
5750
2682
5222
6145
3054
4377
2277
1196
6221
551
5161
4121
1210
5682
739
1433
400
5277
4736
4485
572
1342
144
3560
1594
4774
372
5287
4792
4694
450
2858
5644
3436
6718
3198
3749
4991
5918
3940
2352
2765
3308
5797
5945
4101
3165
3208
1558
1285
1694
3594
4250
761
1260
4626
5177
6512
6709
4025
3149
3619
6710
5495
6340
2565
3962
4767
3496
4961
6858
5888
1617
1737
3034
3107
4411
1408
2947
418
5837
1184
5269
6564
3678
6940
236
4167
398
5381
2968
6510
5894
616
194
2779
212
4515
3676
3103
338
1219
3094
6361
2809
2037
1987
5700
5553
381
3585
1885
5798
2463
4212
1511
777
4205
5970
277
872
4211
77
4777
2533
3307
6183
1316
3258
4170
1965
2594
2032
2192
309
2900
4459
5886
705
4846
3350
5096
1215
5646
4274
1971
6595
5035
5187
923
6227
80
4566
5871
313
4320
2126
1454
6411
6406
5116
70
1775
6616
5890
1790
4176
2348
5191
3922
701
4314
6777
1616
2434
6788
5150
3491
3087
768
6364
6936
4773
2689
961
3476
2767
4166
3774
4887
2140
4381
2913
6993
2326
4497
4201
3825
5699
6631
4089
3283
404
6938
342
4245
5480
5175
4525
1432
5608
4447
3061
5379
5494
6734
6548
741
6862
4343
6814
6236
3987
5365
5404
480
4414
5109
3276
4130
602
3441
7
1728
121
3894
122
1639
4910
2642
5334
584
1411
4077
6483
6699
4758
5160
4746
4453
152
263
3237
5425
3891
6275
1703
6484
1188
2233
4084
1776
6101
3018
5683
1912
3000
183
3385
6765
2296
2810
6322
3062
4916
3730
4297
6773
286
866
198
6056
6757
3668
554
1333
1129
2156
4298
6514
1271
3669
345
759
39
574
3832
4266
3227
215
4460
4522
4116
3704
1577
3884
2965
5740
1756
1914
1530
1064
3923
5574
5706
27
3839
393
5424
3953
3185
4932
6024
4570
4431
2077
1784
4361
3210
1816
2029
1847
2578
432
6792
3896
3517
5441
315
980
4754
550
5675
6074
1865
4
1829
3784
2055
2551
3583
3261
5952
327
3735
5455
2432
2058
5499
5444
4685
5151
766
526
1069
4364
2992
5451
1072
6291
1143
951
6970
4878
3016
628
1820
6426
1052
1736
6365
552
4732
2240
3975
5716
3290
4789
4507
2736
1175
2949
5512
2183
4630
4373
3447
960
5429
6762
4742
5323
926
1913
1099
5929
4948
4611
588
3944
4784
1486
1456
5120
5745
2725
6541
4934
1933
4287
482
6991
3325
4877
4681
1450
405
4203
2076
3099
5439
585
5567
3022
2154
2039
5258
5860
3775
1801
629
612
4540
1934
5817
1231
5093
31
4503
430
2227
4680
341
5761
1718
3725
1894
5432
3072
6812
4827
6132
230
4832
6790
4079
3296
4894
6868
3143
5656
1905
2823
3039
3698
6387
6224
1843
5382
3937
2136
6965
5335
5010
4722
1278
3006
6229
4927
2292
1077
991
1428
1475
6840
2239
5043
1185
296
6545
5042
5944
2735
608
6971
3173
6517
2706
6202
4860
1548
6532
1135
1953
4973
2656
1537
1734
1915
455
6434
5296
555
6766
3484
694
4803
569
2971
5367
3712
4638
664
6779
5265
299
800
2049
1234
3083
5759
2939
3506
376
2179
6717
4995
2421
6646
597
5102
141
6109
1692
4906
2323
2024
3609
4487
4340
4888
4893
4969
1587
5729
4896
3978
3773
6866
6573
4567
1571
5401
3360
6267
3499
2322
4871
4513
6319
6179
3134
3578
727
4532
6029
2625
4430
3399
2751
6099
1233
1688
4772
2124
638
1455
788
4895
3518
5385
4389
791
4321
5654
5336
2283
4734
3528
3170
1797
6665
5668
4811
2513
3047
1400
1303
2915
3073
4975
5216
1960
251
3956
5063
3440
2666
6635
2644
2575
1489
4353
5417
494
4482
4159
3529
6801
2844
223
3792
2657
6903
5793
975
5579
2381
84
3279
992
5550
2526
4509
5513
6486
12
4289
5822
4161
6986
4273
655
5038
5557
3772
1495
1774
6579
6904
1191
3828
6669
4099
6339
5910
4100
3287
6441
3464
6783
2201
2628
2206
3827
4198
1565
3097
5202
3400
6672
1856
843
3646
5998
2451
3830
5325
3747
3189
6774
1464
917
6581
6712
5033
5622
1668
4462
2865
811
1374
5623
4292
5031
2343
3673
256
5257
2281
5523
2919
4202
2000
2492
1988
6147
2147
3209
5485
5047
2807
1206
4643
5788
1717
1229
6695
3152
4807
3036
6051
2158
6019
6617
3787
1390
3337
6403
3490
3821
1690
5354
3551
4818
261
495
6804
382
4403
5357
2917
4451
893
6184
4618
5742
4707
4902
3767
61
191
6742
1679
6761
5543
5949
3353
481
4510
358
6008
6000
483
6259
6172
6900
2808
4222
1317
5880
977
2704
2882
2747
5309
1081
0
5976
604
185
2617
5525
4496
6321
3842
4043
4543
880
5445
1793
2871
680
6771
1996
3925
5212
4663
1466
2153
1969
76
375
3171
1554
6985
5328
4478
2596
553
6478
1721
5896
4489
3869
1937
4511
4951
1091
1944
566
4317
3156
1491
5648
211
2013
1745
1902
6159
861
3135
5696
6723
2219
2597
2159
3650
2444
2114
1348
5796
6756
521
5669
4809
1240
4577
5955
2033
4524
2548
4959
5474
2739
1009
2345
1595
6366
1358
6911
2534
6230
640
4013
4632
3096
2073
5862
3857
25
1189
1309
940
6752
6805
426
2004
6058
4608
3285
4337
5563
2873
6651
1677
2687
5204
5950
4131
5531
6947
2604
114
3879
6253
6323
188
2436
4640
3041
4438
1911
1712
3030
2952
1526
3680
3734
192
1209
6640
4521
3341
3600
3966
2085
6098
6546
5907
5111
3890
3765
6519
3875
4597
3992
3331
1442
46
5749
1350
4463
4366
93
4820
484
4686
4216
1609
208
2967
2462
4552
1900
1713
4210
2230
1993
1792
6589
3372
5091
3371
5362
2120
1532
6369
4823
1796
5459
3991
302
5870
2549
4279
1895
805
6939
1684
1492
4545
2950
5209
92
4370
4690
1767
6692
2207
3731
2996
5953
1628
1666
4346
4426
4649
1383
6537
3733
3831
6443
4725
1749
3163
182
5299
6539
4158
773
3699
6413
6110
1994
2410
437
2385
6335
3410
106
5022
711
3439
6810
5658
4082
3543
912
999
3435
4954
3867
5123
2837
6251
6382
5549
5738
4023
641
3508
6017
3780
6653
718
2393
5026
3488
276
4972
5927
2128
1562
3155
5690
735
356
4899
4607
2479
6926
420
2098
6398
4338
2090
5892
5639
3357
279
6572
5516
5406
4692
3365
5055
3540
4636
5521
6337
3878
124
53
2411
3332
29
1154
6910
3935
5343
169
5660
1805
115
3236
1839
1434
3221
3715
416
792
2252
4319
3595
5903
3740
985
16
1665
1974
2931
2805
1853
6505
3911
2754
2166
278
2933
2620
2087
533
1423
2134
2151
821
1693
1213
290
6130
3114
1604
179
2048
1560
6402
436
2178
3926
4843
1921
4092
4349
1998
1111
2289
1880
1955
231
650
5849
734
260
1261
3574
691
3443
2328
6707
2123
6922
1230
5399
4919
5576
3750
715
2071
3438
6549
6301
2829
4106
6494
2361
2043
1268
3597
2112
5345
258
6562
3177
3985
4578
2172
4183
2061
528
6004
145
4047
3689
5360
1828
1235
2552
3133
2096
4936
4688
4275
5393
1339
6091
428
3419
4217
1514
4584
2305
6785
1355
285
4277
6407
2944
3174
515
3614
1917
357
5803
5142
3367
810
4488
2146
453
1730
1302
4617
1088
6603
3110
319
4330
1119
3997
2690
4455
1061
6921
3142
6935
6974
2216
1409
383
6463
3501
1287
2186
19
4088
2529
6352
4808
1252
354
6978
936
828
6346
2737
1702
3692
4879
5733
3606
4456
5816
3466
2806
6157
858
965
4590
3395
2167
6292
4517
2748
3452
1225
385
1691
1931
5243
4891
1352
3361
795
3206
477
5665
4290
1183
2978
3426
4534
558
6560
571
1870
5752
4347
5213
2970
1421
6071
1999
2639
269
4555
1723
4386
4048
4881
2455
4329
3457
652
2839
4925
867
2780
618
3652
55
1923
1627
913
2294
6374
4127
4178
6104
3763
6778
2080
3630
860
2554
3169
2896
2618
4562
6682
5397
1002
1992
615
6302
2508
4376
1314
6981
2680
5260
6689
292
5203
5054
6597
1279
2983
5112
4668
2825
6349
4806
1975
5717
6556
6612
4392
6065
3157
3234
6420
6809
5848
1337
2778
911
1873
6647
3946
6362
1381
1415
2250
6518
4044
2429
1621
1757
1872
666
3751
1555
1449
2111
5239
915
5727
1798
6023
5503
4744
2659
6016
2835
4177
5756
4728
3904
5569
5764
1659
3752
4160
75
2442
1149
4854
5326
2770
2612
5643
2386
1335
1590
1267
2894
745
5407
1124
4228
2574
2160
6845
1875
5603
6565
1055
2758
2635
43
1696
2180
6504
2561
3605
5943
380
1109
250
6380
1096
5072
6283
3239
6477
2456
1115
1232
1534
2016
4315
3745
2152
4890
5514
3021
249
6500
4763
501
5829
3300
642
2397
5855
2248
984
2784
3854
2608
4673
5802
6013
6658
676
2220
5084
5421
34
6122
6516
3058
247
4362
3820
5995
3407
5443
6907
3644
2757
6136
2364
6946
2409
4055
1906
4665
1573
1298
89
6070
909
4588
168
1445
6955
1238
3364
6876
6250
3988
4427
5889
6305
2595
5833
1892
4328
4537
3069
3066
1382
2646
3166
2501
4236
520
5034
4941
1106
206
2363
1658
3977
6261
5426
5562
5066
3409
4952
1874
2759
320
6969
4762
621
6746
1169
1396
846
2731
245
2673
1800
5780
1638
1985
3425
1431
5278
5940
3489
3270
5423
818
3391
5591
635
4404
496
5256
1861
1741
809
2801
2905
1017
3384
2752
4565
3943
665
1142
4679
3431
4966
2733
6049
4886
5468
6326
3266
1700
4168
3219
5991
2602
2225
3104
6673
6415
3844
4050
2893
5805
6306
1357
6067
1200
6768
5583
4984
457
4104
293
107
190
3249
4207
5726
2170
849
820
463
6075
1078
2700
3161
6447
2454
1645
1008
1001
1474
1907
2117
4822
303
3429
5530
1117
6423
4247
6392
1707
6754
5094
6409
738
1806
3251
6693
6784
900
5618
5351
3994
2257
6835
6466
1580
3663
3475
6538
4557
5629
3074
908
997
5844
3101
5395
6304
2351
1243
1591
2624
5876
4363
4549
4301
6435
3519
6041
802
6601
5736
2457
6404
2959
1851
5593
1493
3396
1538
5103
5074
5760
613
3504
2990
1826
6193
133
4799
227
2982
2467
3766
4553
2843
5601
3861
6849
5168
6270
6576
2168
3852
5396
5819
3610
3124
6650
4457
4229
4575
4374
1178
1773
3181
5440
3771
5178
1006
351
3340
4801
5193
4352
6310
270
3746
470
3109
1636
2278
3965
4659
3641
1203
6052
1007
6606
265
6107
5620
3112
4239
5380
3580
6847
6095
6578
3716
4014
1308
6523
8
4109
1886
24
1273
4850
6850
5768
5846
2460
6994
2934
3527
3764
4348
267
5905
4036
6721
2792
6827
675
6675
1802
1095
1440
830
5344
5830
719
5679
456
2530
670
5922
4254
4813
350
4261
5812
5743
2031
3688
300
5854
6654
968
3019
1013
4571
6201
2190
2563
1698
3660
6129
6350
4863
1025
2406
4334
5786
1284
1956
4623
207
3195
6089
1380
5118
948
5005
4835
3020
5082
6905
4739
1525
4143
4443
2697
817
6123
6722
5353
1226
472
3088
5436
2941
1276
2290
3788
2379
3500
210
624
1807
5235
6347
3256
1123
6455
6861
5190
4385
5522
9
3320
4637
2588
5159
2710
4627
748
1522
2188
6726
3243
5959
1754
5637
2337
5342
928
5680
2437
2483
1867
5685
1401
3218
5173
5688
6286
1973
4723
4037
3126
3347
3818
2777
1652
6274
2347
4980
3442
3936
5964
3954
3700
6872
6377
5437
5772
6982
125
3057
3473
3322
3448
1254
4796
2703
3278
155
2044
1540
6815
6285
4115
5221
268
3480
4829
696
606
4569
5366
5456
1028
4020
488
2920
1353
698
1356
905
143
3841
5842
6973
925
3576
1864
733
1315
1274
2609
1281
3474
4323
3840
4471
6895
79
4875
6257
4134
3032
1166
3217
2494
6239
4900
5673
4905
2958
4903
3930
6700
3084
6241
5117
1286
4769
2389
440
5214
3552
627
4721
681
787
1162
1772
4041
2834
4421
6691
910
1174
6141
5252
2907
3493
5906
5799
2430
758
5545
3406
3724
6655
164
6482
3191
1290
2119
1984
4302
6524
5466
301
2712
3231
101
3235
321
6375
5420
4137
1928
1033
3603
6035
6798
1144
2850
4063
6528
3620
4693
717
5548
54
6105
6180
1365
6124
5181
502
4606
3568
4705
6569
2135
324
3167
916
2480
5317
2969
3465
4097
1536
4506
2441
2544
110
2036
3886
173
5298
2641
2100
3420
5375
6992
982
506
4368
3982
2589
3176
3507
5632
2569
379
26
4310
1513
449
5511
1706
3822
4558
58
1743
1919
6010
2883
3303
2115
6522
205
2285
5301
2161
6042
6338
3856
219
5251
6540
3502
493
1110
6944
6429
3024
3071
4428
3835
4594
6937
875
5027
2182
1296
6626
6005
976
120
3986
1857
325
4771
3951
6448
6553
4757
287
5967
5725
234
5208
3007
2820
3885
2632
3561
3877
2802
4066
6664
3971
2234
4730
105
5834
4180
5721
4008
669
6424
32
3201
2020
1785
5898
6137
3941
5704
4467
5279
3538
4258
6414
1482
929
3160
2005
4062
6575
728
6588
4987
253
4662
6037
6953
181
5217
69
842
2287
2986
490
35
3998
3657
2903
2068
1589
6170
1265
5763
5974
6094
4535
6111
5776
966
6913
1862
1354
3845
2645
5758
4572
3708
1462
6871
6818
4704
5948
4038
135
3205
4615
3326
2613
5938
2998
4150
2902
2015
5024
6031
2842
1386
5029
6020
1678
1338
987
6637
6175
5484
4040
4700
5368
3711
3888
6865
2683
2448
6048
2420
3903
2356
1759
6770
21
5708
918
6719
348
731
856
6853
3404
2214
2254
452
1868
841
3421
161
6630
2253
119
4993
5135
5248
5684
2262
845
1878
5475
3207
932
4304
5619
2729
1899
395
5124
1831
3805
2819
1781
322
1711
5462
2991
2191
1995
1592
5237
4856
5009
950
4122
1597
6558
5471
3120
5697
4394
2064
2980
5694
6583
45
2723
1950
5400
2745
6506
3402
5206
851
2265
6367
4223
5914
5319
333
2174
3720
2324
5145
4560
4039
874
3105
5920
4391
786
6898
5166
1280
104
573
6607
3653
1926
4303
3349
2942
1103
1848
6927
4265
4859
6649
5324
4747
5140
3548
5246
2643
6313
6678
2926
6772
3342
3067
3917
617
896
4500
6249
81
6113
1224
4065
827
4405
196
6753
4285
4473
6045
1418
2210
2185
2579
1726
5275
756
2261
4001
3996
6412
6472
2395
5594
3328
5427
3912
4683
5678
6150
415
1552
2848
3187
3887
5409
531
6460
2740
5
3798
979
3240
4646
5540
3461
98
540
600
4017
6836
5014
4816
5394
3467
1799
6491
1132
2092
1794
3272
3706
4437
639
4761
4226
906
3393
1918
5524
386
1641
1849
5515
578
5850
776
65
5477
1832
5598
930
4842
5320
1846
5058
2584
990
6178
3204
831
6428
6226
2300
5843
5283
5884
2419
298
946
4979
6082
4847
2059
2853
1022
3816
1465
3153
5313
5223
6280
2184
3618
1819
2438
3849
1114
310
4476
1398
4351
3172
804
2803
216
3487
6470
6277
3770
6696
5101
3092
1593
4882
1655
5851
148
3622
2446
5724
1300
4717
5092
4883
5493
112
2840
5356
4971
1012
3756
3183
2263
1127
2490
498
568
2269
878
4709
3211
671
6811
3259
5491
6619
1387
543
5004
2006
644
1687
6138
127
2384
1086
3145
2527
5923
5174
6090
2376
2162
6173
2027
2369
4172
3200
1859
6219
4309
4599
5518
94
4892
4841
3782
5621
6231
2101
4770
2244
815
5573
2288
601
806
2679
6373
4054
2392
5501
72
4086
1523
5046
1601
153
2781
3458
3983
2633
1094
323
3053
5962
4687
2614
6474
3369
22
1121
5939
189
5274
3906
4839
1340
5534
2084
1512
1889
6507
5782
2940
5002
2585
5013
5172
1783
5289
1120
4865
3638
6925
1236
3542
1049
6763
5388
1989
6531
6725
4712
1435
255
5080
2711
747
1157
1755
2398
4402
1392
5481
5337
6716
6668
2358
5297
3075
4715
2026
2671
3182
3843
5807
4737
6200
3853
1866
4051
1373
2863
1263
6741
5418
2985
2319
390
2914
4779
3316
6389
353
6802
1360
1481
4382
3358
6727
1362
881
4965
5476
5218
2366
4011
1606
5398
2640
2038
2930
686
2692
3868
4153
764
1104
312
5597
2144
2566
986
294
1368
384
5267
4790
4157
4450
4475
713
2040
3397
6309
5185
3952
1613
3834
5961
6708
6166
410
57
3223
4312
6427
3916
4360
2009
4035
631
5845
5739
4529
3973
1155
1133
3621
217
4828
4165
687
5069
1082
6336
850
4564
6879
5383
2449
5730
4587
5050
6791
1424
434
1547
4706
2728
2477
6279
4542
6034
5751
129
3292
5155
1735
3348
6217
5242
1066
5276
4495
890
3497
5541
4548
1227
6225
1476
471
1852
4322
2816
1563
989
2023
1422
3851
328
545
1361
3264
4985
6881
56
2833
6317
6181
3046
3233
1578
4621
1187
2066
1487
4415
4869
3859
5373
1769
5919
1453
3531
709
2772
2243
5607
38
271
3544
2800
6755
5912
1101
3002
4342
767
4795
6303
4610
589
592
5070
2814
4504
1312
2002
2297
5542
6775
2505
4862
3403
1963
2768
1163
5784
1021
5771
5559
4448
3179
5640
4000
3677
5661
6732
6449
5179
1037
3812
5670
3277
6385
1782
1553
560
5244
6436
6914
4518
2699
3281
5121
2540
2498
5147
6254
4249
3789
6893
1370
6355
808
6205
5695
4819
2396
3478
981
935
5060
5062
4502
1500
5852
3729
4268
1108
1515
1901
4639
1795
3563
5488
6551
6276
5781
4508
5171
693
1065
5874
6117
2726
1957
6064
4204
4539
3592
3095
744
1177
5358
3554
5847
678
3324
3694
5537
645
5234
73
3553
5449
4345
4267
3979
2486
5489
4072
1245
4135
952
5194
6552
829
2008
4384
2603
2125
1425
3802
5526
833
6567
4913
2197
2890
6050
4173
1634
3146
5707
2984
1334
1257
6001
857
1058
4419
1669
6536
4012
3929
3900
3486
6747
5496
1083
1395
4397
5925
1207
6021
1838
1416
2869
2662
5310
5762
6334
1701
5467
3247
2901
4264
5465
704
1262
5184
3199
2742
4940
6863
4970
5000
707
4162
4333
2320
83
1403
14
1071
2705
2489
4182
3378
6602
1429
2866
1035
254
1172
4064
2564
4596
1855
5294
959
4788
4470
6351
5946
3079
6096
37
3810
2504
5329
6615
5564
4146
2861
5224
5600
4844
1496
6408
460
3494
770
1836
5180
1405
5104
3819
4785
1637
6688
1469
332
4897
6636
2826
2102
4230
825
1085
3643
6188
2221
429
4080
3100
4544
5472
6870
2668
3631
4528
2517
3791
1709
6638
583
2892
4753
1128
2821
5916
2075
1180
1791
6819
1650
5765
563
2586
3813
1182
4671
565
685
6656
232
4802
6204
2445
3009
5464
6744
3164
6704
4889
1024
4179
3230
1605
6135
5433
6186
2634
5215
5630
3462
4233
6258
409
3823
4061
1631
6533
2450
3321
4429
209
4284
3755
2880
519
3738
5182
3705
603
6701
5770
6609
4650
834
5792
2030
2694
5316
2875
411
2372
5306
2122
2383
648
6711
6209
6399
1535
1827
187
2231
2260
2116
1113
91
6823
5815
5992
2139
3743
6677
2198
1301
4272
6574
3141
489
1217
62
5041
5663
4786
6076
6720
6705
3459
1046
3025
1675
760
485
2079
5997
1075
1485
6962
5813
6529
4609
5253
6833
3078
2955
6341
3228
3587
5667
1803
895
1288
2817
4076
2911
1443
280
2400
1205