8000
4534
2116
777
7378
5954
5898
7233
6190
5929
4824
6745
4283
2749
1430
579
593
268
5769
2643
6661
4257
440
3076
6785
5203
6917
4370
5103
3235
3042
7935
7302
3226
6829
4201
1802
6191
6812
7114
7665
584
5597
5604
6211
597
1966
2542
921
5775
3990
7701
7452
1239
5626
2069
7637
2696
7673
3485
2014
7656
523
3041
512
4027
773
7304
6395
1403
4911
5172
2038
3339
1657
1704
3012
6798
658
3986
7864
5572
1324
5977
2105
5039
5699
3217
4739
7349
223
715
1088
5388
6537
3302
864
1306
5587
5088
3771
4533
2640
3312
1212
2980
2269
5611
5822
4130
5418
2518
237
5846
7301
3799
4902
7979
4753
4215
5359
1024
1008
3894
1688
7278
1308
7104
4708
1648
2991
5531
3481
6603
6890
752
1567
6630
4969
1929
6748
6332
7166
868
3009
267
5962
4502
2729
4332
2253
2984
2926
4002
2959
525
3879
1739
3179
3863
5671
671
6188
1654
7121
2463
4454
1617
4783
6368
3642
653
6683
7526
2157
3823
780
3284
3316
5161
6570
3199
5062
6307
1652
7610
7675
317
4172
5783
156
1498
7257
5092
6056
6472
1066
4305
2374
7054
2672
6579
933
2972
4762
821
5958
7030
5780
3605
2537
514
7657
7290
2902
7132
152
2756
4049
6831
1275
4206
1991
3971
6651
4617
3103
5826
7704
5110
1007
5990
7286
1815
1673
2311
4203
3594
1444
802
592
646
6216
7175
6942
1262
4828
5065
1905
563
4880
6415
1595
6240
15
675
2807
3878
2649
6903
1847
101
6244
5945
4656
1527
2500
4226
4434
4744
4507
6622
1151
7981
3873
3535
6061
7453
2728
5616
4155
3435
6902
1970
1348
7616
2657
6914
7318
5225
1381
1471
187
2956
7655
2656
2435
2556
7028
7329
910
2303
3996
2886
3470
662
7747
7620
289
2223
1628
854
2088
5505
7664
1014
7207
7922
2363
5725
6037
3819
2389
1580
3303
4469
2479
5249
4598
1589
4519
5427
2869
1163
776
5622
3145
889
1803
5141
3053
2699
6029
6632
5506
5449
6655
6772
4340
1845
950
2315
4380
2092
1594
6503
3773
7231
4676
4091
1496
4889
3092
5049
1539
7441
5107
6535
7661
6045
6328
2689
6969
4467
2390
6731
4876
3554
1910
1961
4304
4528
7194
757
6817
2761
7134
7630
1078
6267
2239
258
3536
3207
3135
493
5688
5327
4838
4048
6657
779
6103
3795
4965
3127
1190
724
7246
995
6137
2008
6645
952
6206
2426
1934
4657
1440
7585
4504
4817
2015
5143
248
3455
4804
4477
4962
5459
1639
6762
88
4803
6925
4686
7813
380
852
2759
4258
7099
4663
7515
7123
6232
7552
2454
5529
1936
7571
3001
5371
4417
4847
4567
4687
4998
7438
4573
6830
7615
3359
6026
1273
6286
701
657
6420
5558
4413
1218
6041
133
5212
3328
681
168
4664
6967
2828
7882
6740
1213
4724
2082
4064
3477
7929
389
7803
4621
6287
3444
1030
5342
1586
6913
436
5268
7264
145
7165
7862
3948
5627
7443
384
1189
2597
1958
3038
3636
2995
2422
3728
3726
770
3377
807
2951
3468
727
3382
1134
7373
2894
6897
607
4436
6907
5123
6562
5612
834
7317
3574
4368
7201
2004
6442
660
2114
4681
2325
6413
154
5236
6393
3186
163
3010
2219
2163
3921
3700
2789
1733
7688
3011
622
34
5346
6379
1856
2735
3558
7565
4399
6768
5255
6818
3071
6998
2482
2364
3407
2489
6638
7593
7328
7869
6288
7719
217
3174
7239
366
2667
7700
1375
2103
7379
7694
4596
166
6275
678
2987
3987
3185
5229
5724
5167
7713
4586
2768
7007
791
1466
1179
5106
7513
4725
2885
1311
710
6027
1459
6591
6886
5501
1848
7891
3007
3569
2071
5040
265
6837
196
3338
6366
2913
4877
6966
837
7312
2565
6193
5813
3504
6691
1616
5182
4531
7539
2829
5417
4347
377
2266
3098
5018
941
1831
3193
1651
5291
1460
6997
5528
2879
306
1298
3671
3006
4094
743
2814
809
5917
2501
1244
7035
4960
5657
2771
6875
4650
6043
942
1615
7846
2294
7051
5089
1791
7532
4362
3061
295
3562
4105
2536
7822
799
7204
5452
2234
422
4430
2792
7699
2277
6273
6220
7362
6405
3818
5984
5538
6870
3807
6994
5402
3714
3346
5795
5339
3516
4885
7761
7860
2941
5818
6720
1790
7525
3254
2494
2684
929
2613
1193
7319
2049
6212
321
7844
2877
6627
5940
6095
2706
7394
5131
3329
7789
5869
1009
3277
7062
641
2524
2480
2230
1734
7752
5524
4966
3598
1883
7464
7270
2369
7031
5232
5918
7934
4707
3366
266
5129
6016
3991
4196
4545
5056
3070
2027
5175
6460
4685
5610
602
2237
1442
5068
1393
2393
5652
6300
3048
695
6571
428
5475
4618
5634
4682
2716
459
6115
635
7580
5298
400
4023
5697
439
6452
5875
5859
6483
1427
6652
1236
175
4924
1181
5946
803
7715
3296
5831
7473
1387
4297
5553
7149
3977
5125
3126
7942
3507
6418
4476
1036
3885
7648
1136
3427
5546
5185
4070
1947
7893
918
4871
1743
6951
4789
5991
2146
2458
6110
6449
4778
1270
5050
6891
3599
5664
7162
4886
5646
1784
1597
4890
7209
1553
411
1216
3291
1805
6495
6158
988
3793
382
993
4408
1245
2326
4127
4136
1315
7013
2849
1414
4951
1989
4381
3350
5202
7954
2010
2186
7548
2758
3639
4184
934
3088
3959
6163
5518
7559
6344
4633
6703
2242
5723
6803
3349
7564
6825
5745
5647
5209
2110
8
2700
277
3776
3190
4323
3772
2946
2861
6728
1823
5845
7945
6704
1611
7595
2183
4386
10
704
1477
2838
6462
2615
4855
6234
256
328
1351
3680
6319
3428
6568
3322
7919
58
4625
6044
2898
4906
292
3611
5081
3994
7410
3782
1529
6172
6524
6577
2639
5487
627
1919
4185
945
1079
5093
6905
5920
5741
7090
3505
4401
3144
3057
7115
1228
916
7416
1939
4548
5258
7001
7300
862
2150
2748
5128
4993
1923
3263
3919
682
5545
3191
1277
5112
2570
2631
1585
301
3925
4353
197
7940
656
5443
3707
655
4295
1201
227
7871
3327
6474
2543
1194
6497
989
1933
913
3364
1388
3685
3724
7269
5283
5773
4582
3024
374
5834
499
7352
5971
216
3337
3050
1926
4626
1714
2790
5116
1789
4140
2772
5187
7478
7575
6615
5272
4629
2997
2045
898
7955
7058
6988
5687
896
392
1684
801
3440
6136
3003
7678
4238
6024
3777
7600
4320
700
749
6473
1804
4909
1436
7534
3958
7691
5973
1003
4915
1829
7137
1778
3595
3298
2917
464
7849
764
6847
4085
4472
4148
4395
2001
1881
3034
3502
5902
1035
4179
2717
7005
4583
4073
5044
1331
1656
1821
48
5614
3740
6576
565
4012
4107
3906
3842
4971
2892
5837
3495
3216
4069
6899
5447
6884
2712
1501
1177
1571
3446
2085
4441
7491
7795
4288
5269
5896
1604
1541
6196
5080
5638
2858
2868
7764
7851
7159
5630
2465
3318
4515
286
7179
2358
1913
4352
4698
7841
7640
1622
3124
1706
2138
5009
7612
2033
3290
7072
6028
5263
1250
2094
3272
3759
7185
532
4456
7025
386
2529
4488
6223
7724
3304
7353
636
338
5871
2799
5899
1040
4366
1884
7046
7730
6864
7251
7609
1840
974
1563
5127
4463
5934
6123
1368
2787
3813
3706
3621
2224
6382
480
4099
530
4660
774
517
332
7346
3275
2950
3118
2638
767
2815
2000
21
1967
6493
3662
6258
7357
2609
5470
5152
3121
93
3232
7347
1720
236
7472
845
3752
1691
6236
762
7985
6639
6970
2800
6164
5586
7917
4096
2081
4814
6423
4752
6943
7971
6795
6084
7799
2051
3480
2709
5076
390
1200
2603
5503
4955
2282
171
4076
2079
954
6387
6203
5910
174
7027
5077
2354
6593
6002
3547
5119
6375
6456
345
4437
224
7225
7236
4018
1745
3090
5288
7589
3225
7574
6091
1192
2437
1283
203
4113
6178
3613
99
3099
2139
6108
7530
4204
7676
4839
7187
882
2778
7241
2429
2142
4228
5287
6146
4693
2344
5718
7155
6209
3875
4599
1115
2806
5907
4126
1188
3757
6097
652
6773
4453
7036
4694
4212
3770
4321
6403
4576
1224
3253
474
5134
449
2470
2859
2338
352
772
5457
5675
5395
1312
3357
5432
3780
937
4807
6001
4883
3637
1990
5732
1676
2741
2711
43
3283
4019
6062
869
6981
5440
5967
979
1211
5253
190
6836
3669
1726
1065
1185
2850
1643
5189
5428
4011
738
5474
6079
3410
2901
4792
5608
435
5240
4470
2641
4264
5655
300
3116
7672
4593
3857
2823
7485
2333
3452
2670
747
7180
2406
108
3523
2680
1217
7253
2158
6763
6417
2632
2201
866
4360
4455
6293
423
1699
2421
6892
5681
3882
5205
5571
6303
1613
3519
7576
62
5479
3631
7029
596
5784
3030
510
1914
6454
3520
5590
2173
2250
1230
4324
4077
795
4826
2005
6121
3078
6133
2964
931
5341
6750
1502
5067
2055
5486
878
2177
5472
7613
7817
2019
6725
1649
7217
4953
5904
4263
1037
7924
5386
2900
7865
2715
3624
1537
750
4479
816
2924
5712
6003
5442
6231
6794
542
2408
4948
2734
7510
2153
909
3651
2651
4552
3025
5749
6808
4427
4806
3678
1623
2604
6767
1075
1500
5601
6933
4272
2291
50
6531
528
1895
6117
624
444
7553
5289
5340
3344
3372
6466
387
5058
2737
3165
484
1409
1524
1717
6662
2141
4939
4334
7235
4482
448
7141
3168
3675
2397
4254
2837
689
2625
1303
5923
7147
3682
13
3497
420
4620
5544
4104
5736
6624
4538
6311
4768
7518
6237
7557
790
5552
7010
0
5992
121
723
1398
3375
7130
7250
4616
3710
7177
1282
455
7186
6612
1084
3695
2791
4721
7288
5751
2300
1386
1748
1313
3888
4825
1635
4508
1889
5790
1550
4014
5363
7627
6643
2805
6583
3512
7112
3573
1995
6779
7791
6590
4873
7717
7903
349
1543
4654
6461
2540
2541
7721
6887
371
6932
7380
7291
3325
279
4691
5683
5035
4623
6030
6538
469
2048
151
6428
3400
5621
2765
741
7205
5146
2262
5415
4896
5407
173
4631
1842
1546
5496
1385
2312
6564
5961
234
7502
6465
2624
6599
1653
5508
3405
7273
3413
3085
4197
4605
6945
5215
5864
2630
3831
4117
1544
2909
3956
559
6700
3079
4713
2596
4738
5665
6501
1902
2259
2243
5890
1248
5539
2523
1125
4750
1912
2611
716
2305
6254
7705
944
155
2236
398
84
3969
7735
6144
1258
3163
1219
5734
1345
888
5369
4194
5072
1997
737
4498
810
5714
3447
6192
7160
3355
3913
3387
3810
36
6699
5308
2742
5144
936
3335
1481
169
6752
679
2007
7138
5325
721
4160
2930
4101
2112
7276
333
1624
4363
1533
5188
1838
7737
6607
1206
1462
2248
4230
6389
3809
719
1089
1666
2032
1070
201
7774
1783
2353
2026
2662
2336
7650
7151
5547
5809
6222
5786
6447
4108
3321
4636
3249
6719
1004
5819
4293
7398
5010
1770
7098
1018
6392
6350
1940
1891
3260
5719
3227
2320
2545
7742
3579
7780
7321
3634
7142
1515
4438
7727
5425
3972
3564
2044
5482
5694
1852
7190
2679
4425
4331
1972
2174
7745
1323
3152
3527
1731
3482
3091
7063
2539
819
2217
2104
5333
2753
4277
2102
3874
5021
2137
6349
491
150
5069
5206
7964
7457
1299
2752
4630
2213
1167
6585
7242
5233
7555
1640
5709
3622
3572
3265
2073
5412
6554
4920
7077
986
3703
524
7232
451
4520
7043
3588
6841
5124
2820
6823
209
6141
6351
2618
5874
4175
3704
6619
3540
6330
5922
1145
7323
1763
3123
551
3745
4516
3718
2669
1221
4805
4697
7066
6394
2904
1320
1199
3549
6277
4784
2487
4071
7423
2136
2063
6411
990
204
3489
4929
1489
5901
4643
6204
5711
883
1293
5727
7497
4556
6975
7213
6145
1001
4268
4306
3529
3860
4936
3383
6031
1235
6614
70
5317
3705
7268
5398
5280
136
4503
5891
1855
3097
5840
2626
7560
5838
4574
7674
2770
1678
7508
7442
1754
5142
5533
6939
7406
7265
1130
6390
5293
7720
4
1832
3792
4578
2383
5941
6666
4376
1588
6759
4468
4009
7444
2228
5748
825
3087
5607
2447
4947
817
399
5764
66
4086
3330
2488
6877
2164
2718
4550
3816
6004
1661
6595
233
6920
3656
3673
7468
3719
1671
2391
1672
3289
6111
6272
758
2316
1776
3054
5120
6173
488
2149
2943
122
4266
1718
2464
963
2793
3021
7949
7026
5130
5277
6160
4774
5075
1620
1711
4149
6245
6134
7861
5906
2058
616
7956
5903
3047
7420
3388
4964
3872
7320
6911
339
6569
7403
5781
4056
5997
6299
881
259
7106
4473
2090
7067
3845
2674
544
1138
7740
2571
5782
7933
1627
4835
6826
872
7618
3976
6918
3666
7182
6482
1347
7342
4222
4492
7275
2459
5399
3908
666
346
2200
7148
1343
7216
1799
7529
7867
3580
5251
6364
972
260
4145
2075
1555
5585
3916
4354
5434
1232
5051
1161
7697
6765
5066
1202
7896
1288
3953
3004
4919
191
3080
6546
67
6444
2099
142
3896
2965
3866
5466
5094
2427
2206
1407
6290
6421
7429
1205
165
4387
6331
4421
5808
7546
6906
6071
4067
6361
3918
1538
6443
3532
4866
2538
1062
4243
3659
756
2448
7852
6440
2826
1583
5270
1170
4506
3343
2098
2143
5804
3058
1572
3781
5164
2857
3120
3496
4142
3305
5048
6256
226
792
3317
1713
5243
5246
6105
3604
823
4591
1128
2745
7002
6549
871
3333
2947
6670
5390
2232
4123
3744
1683
6722
5028
1781
997
6491
7987
2093
2856
7765
4152
1576
7596
4668
5578
7784
4051
1710
7535
186
6610
6769
1879
541
843
6529
1153
6738
713
102
5460
3754
6540
1360
7040
5605
3668
1207
1242
7228
5835
3267
1722
6132
5779
5716
7049
6441
6692
3940
2204
729
769
5149
7899
4597
2414
5311
2949
4446
6161
6865
6990
4429
4365
3224
2180
6735
5261
6992
3825
2084
160
4923
3401
842
3479
5063
4901
6130
4411
7668
6159
7193
2436
2365
2948
2190
2532
6248
2452
3670
7687
7622
231
2895
3907
347
5841
5313
4280
2732
1100
4801
7652
4231
6102
6833
4956
2830
4144
3822
6980
4171
6520
1735
7578
6165
1253
3140
1916
5003
3620
4001
7214
7901
5668
4135
7662
75
5309
5820
6885
5900
7588
2785
7561
7736
4981
2101
2272
6859
7666
1747
7959
1701
5074
2682
7931
1519
2525
5147
5632
5880
2590
2168
2273
694
1458
5
5912
354
938
6709
1096
6707
844
3015
1259
5394
1057
1511
7122
5839
4822
642
5259
5380
4811
3187
1457
964
407
946
3715
5650
5710
280
5975
6950
3169
1271
7883
3182
5257
4957
3629
188
5951
4797
768
1579
5960
6660
3458
919
3218
1488
7435
6380
5758
4645
5847
1438
4513
4209
287
4116
421
2816
4872
5516
2899
7726
1334
1520
4568
5214
2469
1252
5294
7579
5603
2254
3785
3843
1165
545
1149
4072
2851
6526
939
7710
7474
1137
369
2660
3379
6807
4510
7326
7821
6219
6065
691
3208
6325
2226
5510
5561
5743
2382
3176
5352
6814
4311
4198
1150
1467
7101
6515
1850
4834
6274
2016
7382
1584
4415
4372
4000
5319
55
1987
3970
5219
5497
6682
2927
5086
6199
4202
2720
6243
5197
195
7431
4406
1395
4887
6308
2955
5863
3914
4529
4970
2658
6758
4840
3347
1158
3040
1606
1265
2198
7646
6314
4414
2627
1447
96
7744
915
6840
7992
6968
615
2860
2775
1859
3511
2937
5315
7495
5334
543
5282
1186
5361
6168
7854
4653
1925
2845
207
603
6888
311
1048
3421
405
2314
6463
6786
4208
1279
7281
3129
688
4084
2975
2127
7943
1043
2156
9
2233
3841
1243
2284
6356
2330
3654
303
5866
680
441
5007
7842
4298
5625
2244
4294
5002
4979
218
3791
7808
902
5661
5777
5988
6383
501
1772
2
4730
5238
932
6876
7377
5673
1904
4813
6594
2491
1670
6941
5299
6484
874
7309
2654
1637
1692
5029
2443
2196
404
3829
479
2549
5158
2722
1338
734
7778
4542
3264
5600
5550
4359
4483
378
7938
5515
7287
7859
4420
2036
4844
1551
1843
5252
6282
1898
6409
95
7628
3762
1451
7835
4874
5184
2289
7212
731
7033
2235
948
7520
858
1693
7171
7415
5857
3577
3949
5387
5220
1880
6816
6757
4005
1962
7143
6318
5461
1461
4869
5579
1834
2760
7298
7131
5577
2453
3534
1900
1685
2208
3500
3625
6357
6799
271
5728
114
2635
1534
2145
7274
383
1679
6654
7983
3466
4607
5114
2388
1301
2938
2887
609
2831
1266
7689
4527
3856
4728
3238
6541
5956
2673
4471
2683
1808
2450
7528
6931
7064
2096
7145
6329
2572
3575
5703
6468
57
978
6973
1382
418
3543
5624
6335
7363
2100
419
5045
5679
2160
3472
5793
7907
4627
162
7722
3114
1294
4281
3892
955
1272
5377
3411
4364
6871
3859
6929
6893
7514
3933
1876
1468
6575
7563
4199
2327
645
511
7407
6908
591
2356
4512
5555
5798
1140
6265
6362
6478
3175
2646
7754
1126
5409
3852
3664
1203
3975
3947
7252
1246
582
3371
1413
4769
244
6774
4861
2601
4423
7814
3259
3105
2985
6488
4419
4561
728
2080
6170
5537
4755
6879
674
2621
3018
5397
1690
4639
3177
6187
1514
5858
61
2617
6698
6006
2076
887
3301
4613
5568
4452
4609
6631
2922
2531
6336
305
4090
5005
784
5576
1601
5484
1069
7602
4563
5895
1173
6451
11
1256
4124
1930
6637
1350
4791
315
2634
4284
515
4252
6756
5422
3409
3576
5989
4772
2257
5817
2118
3957
1730
2598
2373
3044
6944
4021
4619
3270
5894
5492
2345
1361
3647
2192
5448
1968
1310
5471
6322
5700
6046
368
6926
665
7760
4985
5569
4565
3899
2695
416
3712
3552
5477
506
5084
7330
2423
1110
2159
5001
6088
6355
4562
3268
3017
6761
3083
1896
7986
2994
6011
6381
3039
3457
5104
2588
5755
3063
835
1119
3632
1830
7336
6835
3501
5296
1826
2457
1993
5413
4775
5966
1744
25
7830
4310
4925
610
5241
7109
718
6910
3736
4383
6083
3503
1922
5053
5914
2065
3101
3412
1949
5218
4227
4526
4188
981
903
2979
2671
7308
4176
4950
7083
7087
5932
6171
3453
7437
7916
4080
7018
373
7642
4207
6898
4540
4815
7695
7977
855
1918
3686
1602
220
3204
3545
3643
125
4860
588
684
4858
1523
2864
2809
360
6354
6242
3362
1076
3688
3005
5759
7399
3542
7428
513
2867
3093
5295
5446
1642
4714
2231
81
6697
6092
3
2022
5570
2407
69
283
2396
2960
3286
4988
2519
6543
5792
3424
1104
7436
39
4746
276
562
1737
3109
2747
5357
6140
1377
629
1187
4884
5180
5685
4244
5526
1749
7626
7434
7463
6982
6208
5519
7702
2988
1340
3020
4823
4449
4705
144
3855
5286
3938
3801
2562
3616
5979
4990
4569
4917
5796
5111
7969
181
3084
1935
1164
2573
3927
1849
5933
2642
1127
7542
5312
7097
2973
3138
3995
1506
3295
3585
5159
1435
153
68
3627
6414
143
6419
4837
1941
6867
7582
4168
2308
861
788
2528
2751
6658
5708
4495
2739
7461
6202
3701
1349
5196
5366
3251
6532
7786
2046
1455
3463
6155
4431
496
4524
4299
7096
3830
3725
6754
3019
3601
1937
308
1825
2432
179
5262
4322
1133
3802
1281
2394
2801
3448
566
813
1097
3904
686
2372
6333
6909
4572
1152
1994
7607
5684
4935
7581
7591
5166
7088
1247
372
1142
677
124
1369
7768
5950
433
40
2495
2270
1800
4954
3858
3692
2440
6625
5943
7876
7085
2612
2121
935
640
4521
546
5290
3567
3386
4602
5602
1491
2738
2606
5633
5557
2347
4757
3156
4335
79
1091
3929
3966
51
4777
3066
840
6176
5136
1054
20
4154
5833
687
1061
2332
4832
6053
4177
3939
5916
7517
5192
7393
7733
4237
1943
2762
6448
2125
7810
2707
1364
1729
6156
7408
736
7751
3213
6948
4030
4787
4211
3077
7958
5223
4581
6479
4465
5549
6280
5406
5284
89
2307
3805
4941
1198
3274
5008
6574
4912
6500
1796
2882
3487
5851
1162
3886
4269
6147
2197
5041
4286
5696
2724
4900
6359
4720
6721
1370
3893
5004
7011
672
6050
917
787
3237
4525
3544
1171
6557
5562
4852
1441
4897
507
5012
309
2593
4771
6552
164
5559
1031
341
1366
3510
5199
1756
5584
1405
6842
4604
5969
2154
4612
575
1143
2594
4635
732
3980
467
5581
5117
7390
4384
7756
7146
4821
5237
128
7812
4276
4989
7671
7631
3612
7834
4523
6667
1927
1446
7476
7173
6525
1920
316
3278
3245
410
620
3136
1795
3376
7041
4592
761
2199
3392
3313
7884
7395
26
2589
5297
255
838
6317
5350
198
7422
6597
2351
3978
7681
4648
4047
6974
6559
5695
5952
4799
606
7195
1644
7975
5656
6369
6972
7370
5828
4388
6174
278
7984
6138
5037
7619
212
5816
6687
7229
3998
1558
5848
4068
6694
7386
4864
2703
4546
1719
5913
2940
1697
3172
3946
1474
3049
7712
4106
669
5924
3398
7536
2688
5667
3563
7604
2514
4782
3491
3817
5108
5162
6348
7454
2227
4802
6320
4879
1948
225
4580
3494
3979
5389
65
1010
2535
3749
4922
2576
2413
2966
863
3269
6182
1674
330
6070
4162
500
3252
1175
4795
1875
2607
5658
6673
76
5392
4088
1836
865
5435
6889
5061
6729
2504
2862
1777
5322
6736
4164
3883
692
3798
6391
2808
1758
7974
3597
462
1809
4458
7500
3210
6984
3417
296
1214
4640
1486
2398
7597
3240
3835
3652
6268
4183
318
1504
6425
5573
2367
1556
381
5469
7016
1389
2999
5935
1793
5235
4661
949
3871
2444
1516
5842
1276
3258
3075
6958
3691
7355
2569
6326
1332
4632
2377
4460
252
2903
1333
1944
2207
7091
460
6770
6710
177
7567
1869
6412
3341
3028
7932
733
3747
2119
2945
2666
4405
6659
6869
2834
3336
763
53
4407
2117
2600
6895
2451
7504
6408
5118
6201
5200
4662
7577
2106
2944
1503
5865
1750
548
1155
2468
7911
4943
4037
4926
6824
7708
1979
1732
6106
4036
3592
4349
3786
1390
3723
2430
6499
4857
7925
2068
6578
5836
6476
2319
6741
446
5348
5281
812
2812
4748
3722
6548
3473
5756
7728
555
6547
6802
7653
4913
5774
589
5451
245
106
793
326
7905
1817
5054
5478
486
4087
297
1814
4986
2511
6279
4843
4655
1773
6680
6613
2819
5060
434
5024
7189
2872
5637
4016
6235
3778
1305
2750
1290
5594
3319
5721
3148
2730
4181
3847
4747
5788
6285
7850
4158
7820
7150
6485
5619
7037
4125
2324
7170
6486
6090
4933
3456
4564
3528
6438
3711
4153
6215
1116
2645
30
1619
6781
1122
7215
7303
4571
1971
2824
3450
6264
3655
5525
3650
7053
5248
7129
1612
5292
1659
4053
7711
2455
7008
3056
2012
430
2304
2151
3638
7069
5096
3035
7348
4975
720
7757
385
7892
956
3462
3437
7055
3471
7641
6487
3751
2416
7020
6034
2755
5036
6566
7898
1600
4672
4339
3385
424
3370
2209
1587
7081
2299
5031
3200
6426
5520
7338
45
3844
7400
3742
4934
1102
4759
4974
7411
5436
4290
6647
1342
4247
4628
2056
1892
4050
6516
7447
6086
2260
771
4518
5760
2041
2189
1156
1476
5115
4894
6949
765
3340
456
3838
808
580
3982
7533
3931
5132
4608
1098
6744
1885
2515
5279
2129
3935
4589
5324
1392
1686
6602
3380
82
6233
6012
6705
1512
7289
3201
1404
4798
6513
1322
1038
600
5256
4865
5330
1092
3014
1210
2122
1592
5592
2665
6962
4112
4836
3961
4493
4651
4983
6422
2431
4040
3348
7471
1578
6019
7307
3905
5271
5936
2740
1509
1957
5810
5705
7826
3397
6125
5239
2821
6127
5168
327
976
4566
5521
6270
7902
5160
6048
7118
5465
5384
5345
1108
7014
6732
3690
2047
7078
4355
130
4461
3309
4541
1418
7297
215
3166
7927
781
1257
1114
5931
4200
1798
7762
1264
870
5095
1924
5033
1780
4862
3113
7643
7537
1568
4043
5438
120
7639
3876
5757
5825
6878
6604
3727
5564
914
1522
5231
5302
3665
6927
1450
7629
7335
238
6063
3559
6129
4178
1762
901
1372
7032
1952
365
4010
4870
228
3464
3556
2986
1903
1280
6766
5669
3406
4945
4078
6565
7538
7136
7344
431
2466
5965
2152
7611
3593
1000
7219
157
1356
3614
6296
5079
5884
3806
5993
141
3404
3137
2678
2271
5852
7782
5613
4141
275
7260
740
999
1362
1677
1234
2261
3285
2835
2404
3868
612
4246
5855
1015
3779
3198
5379
2497
6498
4579
2517
1844
4785
241
3926
2713
2211
1665
5905
5090
1002
4938
7982
2339
3133
4675
4499
4440
7424
7263
7128
3436
3930
594
5356
4987
6241
7467
1811
2918
1858
3161
1183
6724
7003
2866
735
3941
3037
7788
3202
7327
5921
6553
7376
1307
3826
5566
3247
4888
3033
6181
633
7512
2915
3060
6388
1882
5439
1633
7960
1318
6776
1975
158
6430
7503
4749
7936
2659
3342
2698
1106
1172
5873
4737
2558
3262
5807
7139
693
3476
7750
4489
453
4255
811
6723
2510
3768
4756
7108
4788
1535
3738
5733
3279
4369
1286
359
4882
4603
4642
5763
22
1890
6828
5787
5554
2795
1660
5393
5347
5318
505
7093
2123
2559
3531
7941
1574
5137
3915
393
1986
1724
3681
4829
3094
4102
7635
6252
6726
7606
1056
4916
4481
904
2636
6863
230
4262
5644
2484
6701
2287
7230
2499
335
626
1123
3934
739
6815
2011
6953
6376
1625
3836
7023
5854
1101
417
7237
6653
2825
7592
314
4109
438
1060
598
7505
549
6225
7019
235
461
1807
4428
1325
2803
1775
1082
495
7880
4701
7306
85
2059
7496
5138
413
6616
1448
2687
7366
4731
5266
1022
3046
3553
4745
7343
943
7966
6122
5078
161
1226
7192
550
4666
6626
5416
3320
4313
5770
994
2969
3862
5802
4074
2258
7723
5082
5567
5876
6880
7507
5927
110
7957
3031
7540
2811
7401
3848
78
7152
2610
3950
2474
6996
7707
697
5730
1034
408
2587
5999
6195
4057
2023
6946
4328
6860
3677
7203
2245
6453
5744
1950
59
2608
897
2252
3069
6783
572
4224
1094
6664
867
7516
7633
1647
2131
31
4358
7647
2676
302
3877
1870
5234
172
7354
599
7684
4174
4944
4543
1
7773
6919
628
2767
5372
3880
4416
6883
3617
967
832
5686
5222
426
140
1081
2697
2091
5980
184
1886
5429
6904
2637
2060
2533
7509
7855
5201
5785
5260
1086
1141
5514
7191
4251
2779
2568
2115
6167
1626
2018
7995
7968
182
6007
1908
535
7374
7311
7879
595
6229
4692
3591
892
5228
3402
1429
7973
7572
5886
208
7696
7732
5752
4325
6055
6989
2648
5729
5198
5026
3493
850
847
7775
2870
6224
2342
7135
2399
1621
4695
3423
7698
2893
2409
6696
4511
7645
1894
3426
4727
1893
6152
7196
1981
3521
7418
6715
885
4147
7261
6717
2297
482
1204
6365
3901
1526
2191
1268
7169
2704
5615
3633
6283
1437
6475
4517
1220
894
3111
1942
2505
7881
6587
4003
3334
6289
6743
4779
6294
6081
2585
3750
3248
1443
1041
1384
4606
2754
6671
508
18
1816
1557
5768
2274
1260
5778
6261
7314
5491
5981
7022
1412
7895
291
912
5897
6139
5378
1479
7816
427
1157
192
7316
132
7208
7976
1428
1963
6894
5666
6082
708
375
7384
7787
4706
2708
2362
3530
4776
4928
585
6504
5766
5493
6789
7222
1645
906
7877
1846
5411
2551
178
213
7734
5631
3194
3102
5670
4061
1877
6849
745
3951
570
7521
7426
7017
1668
557
6693
1636
6650
806
800
7451
3945
3326
2301
4041
4404
3967
1426
5046
3854
6987
2218
6800
4329
969
3203
60
3271
2705
726
2478
2721
3324
261
7998
2050
6644
2675
4217
322
7755
987
2530
7364
7279
6747
690
6742
2647
2884
5320
4537
947
3221
4808
5674
7690
2003
7116
1039
3653
6040
6646
6993
519
243
6239
3293
7818
6467
1741
3541
5948
7914
7988
7086
425
751
2275
1357
2931
3023
7483
830
5456
5057
3292
1359
5677
4833
5400
7084
7163
471
7126
3615
1410
5177
1168
5878
437
7360
6323
5000
4740
27
617
2214
7923
1231
334
2280
2318
356
4794
3032
4959
6714
4378
2929
7249
4734
2317
1017
630
4696
4637
478
5606
483
329
7480
1028
7299
2323
7996
7389
3960
4187
5499
5930
7490
5083
3928
4444
664
5797
783
2477
3209
3141
6345
2818
3937
6253
7686
4958
5957
211
4732
1664
7866
7061
2379
2357
4389
3297
7310
3160
3096
1629
3702
6434
5530
7465
3696
537
5265
1483
5735
3416
6862
4240
1317
1229
778
7125
1135
638
2978
586
1682
890
17
4356
5762
6094
6567
7282
7920
5354
7993
1335
4391
3628
6150
5052
263
6787
1146
3676
2953
5365
4193
3698
4409
7950
1424
7492
1577
1397
775
6901
5976
4236
1822
454
5423
1794
2263
1423
2993
1417
1406
5853
1860
900
2384
4892
5276
3378
2439
4173
7771
7332
2400
2295
273
7345
3808
1174
4260
3607
4670
7056
4367
3241
1938
2506
3942
7421
1292
7277
7709
5662
1614
7783
310
4132
3081
199
6492
3514
5171
4418
5445
1827
3055
2794
1068
5444
6128
5915
1111
5949
7802
2433
6866
2769
2043
7079
7836
7670
4487
558
5542
2411
1951
805
556
7285
412
7068
927
5462
7680
465
5767
7351
3517
344
7772
6834
699
2633
531
3992
1591
5169
5494
839
2066
2028
7566
7459
6377
1983
4022
4848
7947
814
3228
4375
5676
6324
221
3250
4253
2875
922
2053
2599
2428
1180
5726
442
2376
2087
7334
1658
4205
298
4400
6922
4665
3887
5827
1365
4868
7178
2652
2492
1047
2727
232
6777
2462
7462
587
1379
7677
7259
3059
3467
5985
1669
2380
247
5403
2029
567
3518
1378
7608
3486
367
6384
5963
3419
851
5849
3508
7174
73
470
3610
3587
2070
5408
3983
643
3281
1112
1225
7103
7614
5560
3353
6157
3395
5150
6371
3833
6313
5421
3449
3110
1304
4017
2077
4169
2663
1107
2441
4058
1562
2442
7519
4932
4028
1977
7770
6784
1865
2313
3130
3731
6519
6120
5995
5704
509
6374
7928
5332
5739
3660
2025
4722
7961
1835
5513
6850
705
637
52
2255
1598
288
6642
6404
6999
4638
4742
6563
2619
2031
1166
2736
4765
1960
1497
4008
1854
2182
6435
1565
5791
6312
5353
6674
6186
4875
6663
6077
7220
4337
1402
5023
3796
1708
7448
5536
1059
4445
358
877
5285
6402
2371
4549
194
1284
6915
1267
1863
6677
2908
3143
6509
5431
193
4054
7908
4559
6341
742
6177
5244
6316
2335
1425
754
1354
4285
526
4275
80
4289
815
4539
6251
5109
2306
1552
100
293
4914
1634
1607
6099
6702
2507
2757
2942
7685
7445
6218
4234
2503
294
4976
3062
4315
4690
4532
6067
1663
3158
149
2574
337
2350
4812
5717
1006
7283
1590
1241
116
744
7743
5070
5978
2743
7372
6523
5803
702
614
3389
6338
7718
355
1725
650
5368
5540
4968
3425
3920
6819
6400
4659
683
6000
1492
856
3853
4595
3909
5887
6853
7739
1058
3157
2419
1857
6755
6572
6550
2281
6429
1339
1309
2483
2544
3162
7450
1456
7458
7978
7
5179
323
7843
4157
348
829
2664
3717
2162
6074
4677
6839
1113
4397
7105
6068
1746
4303
1956
876
135
1755
7738
7741
4773
4977
4818
631
4652
2547
3300
7102
6854
4587
6689
4394
6180
118
5032
2852
7594
3236
5753
7383
7845
3993
5659
3640
1012
7551
1872
1473
760
7245
3513
7224
2874
6205
5942
6764
7045
7188
319
7404
7402
7823
1080
6514
7840
3261
966
7197
907
4301
1609
3429
6342
2042
4551
4991
6924
6100
6496
560
5227
1475
6437
6104
6433
4895
4790
2919
6189
5964
1025
6010
5195
3733
2267
2126
4159
2521
5420
3422
4450
4996
619
4265
574
2135
828
1530
7888
7047
5812
2932
3884
2310
6017
7164
1374
4447
6334
7873
6846
3243
659
1422
5338
3787
397
4259
991
789
6669
4671
7227
7725
4781
4689
1355
1297
2147
7489
5019
7124
63
2348
6555
7371
1630
2420
1969
6446
6459
1505
3356
4341
363
2681
6385
2020
6198
246
5617
7280
7617
2746
6686
6851
2246
1013
1581
6118
2402
2140
4309
6054
608
3469
6544
2690
957
6310
1959
6025
5204
3459
7753
4980
3399
717
7000
833
984
3442
6545
6695
264
3045
7391
3396
2412
3708
711
1044
1976
33
1269
1518
1764
7584
494
2522
3367
4816
3788
5376
2591
1480
7024
6517
4535
1465
1291
3895
6611
4751
5273
5548
281
3082
229
2881
3104
5939
2584
7634
3721
4351
115
1736
2172
5832
1955
5628
2693
7074
6015
1965
1712
7117
7569
3568
6066
2582
3963
1391
2623
2797
5148
6521
859
1928
7456
6963
2933
3561
3955
3374
5682
2169
536
6775
4129
2221
6032
4029
6838
996
2328
7970
766
7012
920
857
7524
3173
6153
5645
7798
4128
361
6534
3867
1182
2054
7980
6810
7482
3067
7990
2854
394
5860
2992
7682
2905
5583
5535
185
7042
109
7034
3583
1050
7790
1513
2322
3181
4379
2193
5892
336
7716
604
7350
2039
7369
4435
2526
1240
3451
1723
1517
6494
822
960
1695
5641
7365
176
3230
137
6297
6477
7341
7794
5250
6113
611
7059
7405
2072
6207
3775
1420
4754
5176
2133
6813
6934
1118
6957
2813
4961
2981
131
2550
1019
6407
2863
4800
1531
5022
2546
3119
1285
576
4831
2968
5974
5509
6008
1641
982
2916
2445
1992
2962
930
117
527
2896
3052
7779
3821
3555
3720
6266
2195
4963
4729
7632
6778
5551
5433
3766
971
3183
4634
6058
975
3153
3737
5861
4111
2620
3596
3557
3763
3551
3973
4170
3242
7409
6353
3578
6262
7499
4225
5706
2074
1464
6995
1569
1176
6250
3460
4066
2586
6116
577
402
2405
6796
6089
6217
2460
2880
7649
6210
443
7900
2840
5680
5944
3394
1728
7324
831
1148
1169
7587
1632
3803
1095
977
5881
1401
6936
458
6959
1915
3924
6049
7176
5154
7807
1453
205
2256
7296
6358
351
7050
2410
4180
4296
6098
6551
4443
6852
6923
3332
472
7965
4075
1508
4093
3761
7796
6023
3765
5580
3273
119
5498
3974
1525
5135
7361
4242
2661
5651
2782
1033
3589
5502
746
4700
2360
3354
3716
3490
1806
7267
3197
6305
3414
2783
7838
4997
4723
7872
3352
1667
2650
7479
6005
6238
3128
1367
1049
959
4092
568
2723
6635
5133
2832
923
1703
391
7092
6321
5821
7292
2293
4830
5925
2359
7262
3147
3730
7223
1742
1813
2366
3095
3900
7909
5588
6952
2083
5101
2251
4119
4250
2701
6018
6861
6760
7206
7221
7583
2202
5636
6530
6856
409
1820
6087
3865
3764
3231
2030
1289
5715
2185
3565
2513
2846
7133
2288
7367
7157
5343
2958
1485
7792
138
2876
4100
2889
1810
189
3431
5405
6162
2836
953
1909
4095
7868
6935
1371
2963
2485
6315
7811
3672
3713
1707
1984
3022
2349
1570
4940
5463
7060
104
2434
4930
1709
5121
1974
4038
5464
6983
395
6502
7226
3408
4845
7605
5883
1249
2425
7729
92
5489
3257
3288
1373
899
5856
6064
5226
7294
1261
3188
5654
1768
2691
4760
1998
3125
1238
6855
4424
1759
6126
6665
2578
1603
7004
1376
4307
6956
1131
7550
4641
3774
5441
3746
2878
538
2710
685
4026
5994
4699
83
1932
7825
2555
6506
1694
1787
4118
5383
6399
618
7939
3488
5303
3981
3214
3323
6782
786
7052
5323
4432
7856
415
3590
820
1873
4611
2438
134
4978
4189
4554
4459
1344
5424
673
7763
113
74
7258
2566
3537
1751
3132
6788
6142
3755
2034
4256
1487
1494
2368
7858
3800
6009
2321
5609
2134
3657
7962
7154
826
2777
725
3016
5996
1380
2911
6976
7247
1433
46
2954
5888
4163
5919
7100
2387
1547
3944
7070
6080
4020
2561
3832
5217
2417
7885
3361
5885
6432
5653
1415
5889
6339
4522
6076
1575
5814
3783
6148
6809
222
5823
4474
798
1828
6947
4316
2865
4501
1178
3644
6096
940
2977
2331
5776
4273
1287
6843
1874
520
6184
676
581
884
3443
2842
5968
6
112
6200
4491
714
6706
1053
2187
167
5754
2086
253
2108
254
4308
670
5337
3827
3142
7211
6582
4466
7863
6396
2822
5512
6481
6961
7875
3438
5073
7586
2035
2493
2498
2120
5020
2786
5649
6255
447
5098
6154
7430
6306
6014
4403
7119
7544
2386
2401
4667
350
785
2853
4999
7948
146
3515
1716
1329
5381
1945
6151
2516
4214
2575
249
3211
1085
5476
7573
6213
5672
7805
2378
6512
7184
985
2952
6608
2934
2907
7853
2527
3609
2340
1396
1363
5017
5414
3790
6581
1964
4615
2989
2891
4317
2726
1197
251
3851
1383
5245
5692
1263
7234
4544
6896
3767
2078
2355
4282
2283
4709
7295
5483
5274
2006
7667
7293
7904
4851
827
540
3824
7210
1327
2841
4235
3195
2472
4475
7396
1946
2176
3693
547
4710
7484
6749
4530
1073
6511
1788
4715
2166
4035
4151
3849
7806
1011
148
3608
1662
5893
2205
1906
2577
1067
1549
7284
2579
5396
3433
5701
7313
4079
3732
4684
1431
5582
3889
1554
3266
2614
1760
3171
4600
2971
7356
2381
7339
1864
3645
3912
7545
3630
2644
5059
7601
2957
2628
2341
7254
5030
5879
7038
5210
3434
1463
450
1573
1931
1083
7776
87
2719
6372
3571
2998
553
3814
1973
3861
6263
285
3526
452
4287
4547
1618
219
7926
3661
7598
3445
2132
908
1184
1801
4348
7963
5326
2553
5305
698
5306
3667
502
7660
2714
5563
3548
7511
7337
5194
696
1209
6573
7531
3649
5071
4133
388
498
667
1833
3812
5362
4248
5016
4448
7570
5042
239
4139
5100
7831
6940
5642
3036
6507
7912
6022
7110
2560
4089
5908
4462
7198
362
4967
6621
4718
6648
4156
1087
6119
6471
3606
2694
968
1439
6337
6685
6536
1029
2113
5663
4097
4291
1528
3846
5629
4982
7255
1757
753
3331
6038
5589
2009
3282
5805
3509
1020
2692
3965
1278
3229
6954
6528
4485
755
569
5693
3205
1237
3196
7832
4891
6790
32
2222
6510
7385
2370
5155
3351
3619
1867
1353
97
1159
2976
5522
4220
4143
2473
7819
3881
2810
5495
5301
4065
7449
4392
5331
6672
5364
4984
1841
6450
6623
4063
5720
2970
282
973
7523
6558
1901
5437
1878
4557
4261
6589
4046
7057
7501
7833
5025
250
2844
7168
6214
2346
5085
4688
534
272
47
2827
1559
3492
7568
4712
7094
1255
6424
3756
6977
6469
3073
5242
126
7375
4239
3560
5623
7256
1702
797
3065
3932
1542
4336
5639
2171
6991
4393
7547
4796
5643
6020
1521
7769
4044
4995
7271
1696
6806
1117
6986
7590
3922
6684
6916
6586
2064
242
432
5055
1434
6470
2249
3600
7801
3246
2188
1105
3984
2216
1314
4480
5599
7021
2817
5191
2302
6410
2773
5454
632
7427
2286
2124
2210
5375
7663
5556
3999
601
6397
3525
2395
1103
2912
4357
3626
2774
3100
5473
4271
3797
1046
4570
6292
1599
6804
4952
7455
7781
3760
6771
6112
3002
5534
5455
4451
4726
1771
4850
4484
4216
2557
3068
1564
759
6401
5174
3734
6791
6343
7623
3499
7827
6820
3989
170
1953
4138
94
2766
5598
6780
103
4849
2375
4842
4649
4229
648
396
848
3828
5500
343
7669
6708
2276
6542
3550
107
1761
3602
7599
3134
4898
6858
6367
4486
4881
403
3139
4646
29
3635
3418
7654
2037
35
5702
3658
7758
3154
7972
6636
7488
6078
2229
14
3206
5349
4024
748
111
5335
5488
1026
3465
4927
5458
6676
3086
1999
7238
5982
722
3699
4601
3454
1868
2974
2744
4931
7039
7870
3391
7785
2184
1321
6737
1328
3839
4786
6464
2128
5165
1109
1227
3150
5648
4146
3674
1421
4918
284
2763
4402
893
1560
4382
38
926
5047
6057
4973
28
5207
2996
1675
3897
7392
3789
2788
965
1233
2668
5972
1752
4004
3306
7075
962
7913
3074
6821
4584
5122
5224
7172
7800
3027
3794
2496
875
3360
958
6302
1507
824
3131
44
5811
1490
561
1769
6340
6373
2890
880
7930
1129
4704
6827
2148
2109
307
7837
7991
7248
7425
5722
2144
5824
7266
3064
7906
7624
3683
4905
7829
6360
5829
7748
4167
5620
6093
1223
5102
7440
105
6609
3430
5794
7153
3112
5064
3679
5336
5761
1907
1478
1853
2798
16
2733
7967
7359
649
6298
19
1493
5523
4052
2843
3936
3287
1051
6518
712
3149
836
4045
5970
2264
3570
6711
4042
1786
3439
5467
5450
2225
1510
2731
5789
6060
7839
6036
3089
1911
578
7107
5038
4588
6378
5507
6179
5746
5872
6739
4903
476
1072
1715
6606
1394
6269
7388
7759
6633
6634
4716
1411
3043
1254
634
3310
2936
6033
5211
3358
6845
4083
5698
7076
1326
2155
6124
6073
6978
3255
5404
5208
4346
703
6730
2629
2309
3222
6107
2471
3008
2983
4558
928
7636
3159
3566
7766
522
5575
6882
3917
6259
5360
3146
2461
3051
516
4741
1208
2784
3804
2062
7952
552
4764
3869
4374
4161
5815
5034
1721
2095
6874
873
1452
1548
6793
71
1921
270
2241
951
4062
6792
5844
3415
2520
4165
5998
6928
6445
7897
2285
4345
2592
7621
3522
7432
3432
3373
3988
1766
1432
1196
4300
2923
6346
1540
324
481
2170
4464
2622
7487
4827
5328
6921
2467
3151
7918
4350
6900
4514
5742
1650
1336
4854
2990
3167
4122
492
4373
2061
1655
4166
6912
2476
4121
639
6746
1121
7498
6938
24
2780
4766
3315
3997
1861
6135
4031
6600
5173
1631
2982
4878
3968
7469
3952
4110
1561
7541
3603
6960
5481
5099
5183
304
6681
3384
5926
3784
1032
651
621
5959
6675
7692
4245
539
6226
4703
590
5877
2581
4318
2013
2385
7397
7828
5527
7767
4856
6801
4267
4500
4994
4015
1222
3368
2337
4330
1120
1897
5691
4761
4025
6249
2067
497
4312
4735
6930
7921
5105
7439
4006
6727
564
7777
23
6059
6688
6260
1341
6679
4819
1296
1449
6539
5043
1985
1978
6629
3743
2247
7809
7937
5480
6598
4210
5091
1605
4314
4223
5986
4904
4509
7414
4859
2329
7731
210
56
3539
860
730
490
5660
5300
1077
2534
1681
7065
3000
5275
5511
7244
342
2847
6051
6278
6596
6131
7167
6166
6641
4270
7071
6584
5247
5190
6291
5690
6458
3837
313
796
2873
1274
2279
7144
1063
2616
2475
5401
4218
3474
2883
3363
7889
6109
4457
7527
6042
2203
7158
3483
1779
7240
5351
7095
5011
6712
1191
668
2278
3623
4191
3903
7494
3155
200
7315
5490
1700
970
1316
1302
3107
4120
1687
1982
911
4213
7506
2175
7554
2418
3365
2921
7305
6734
7999
1689
1419
5799
4327
5517
7797
4585
1797
1536
853
3985
7486
4344
2871
3122
290
5635
2961
1727
4081
6556
5419
139
5983
4949
4131
6617
37
1160
6114
7894
147
4195
6406
5738
159
5015
7659
473
3898
3902
4137
7460
961
7202
706
376
5410
3345
5937
1027
1042
6398
3192
4032
6832
77
3212
2107
489
1346
1646
6276
2238
7625
1753
4385
804
1839
6580
5541
1954
5953
299
4590
4241
1144
2052
1608
1774
477
2296
1023
7549
3219
4274
6457
6480
487
401
1532
2268
312
4013
3641
6605
891
6937
2481
3308
2456
49
3506
3180
1698
4098
3546
4758
3311
2181
5713
3815
4736
4059
6718
7161
7746
5391
3178
2602
2686
5140
4647
5543
5987
4560
1851
2928
4319
504
2563
7475
7910
7915
4433
4377
3381
7890
3115
4007
5013
7878
4426
2595
7693
6072
7815
7322
3233
1866
5909
707
1888
4810
2334
7658
6489
6522
6668
3923
6955
4899
3739
3369
4034
6284
1064
818
2179
2776
4114
605
1470
4553
2021
2265
7433
2888
2449
2424
5316
7703
4577
7340
7477
2802
7874
5153
4992
4780
1824
5911
5689
6169
5565
1099
41
573
1495
4937
3484
4820
2796
3694
6656
794
5843
2653
3244
269
5765
6979
571
7080
72
3687
1862
2554
6527
466
2512
3864
4371
6047
7493
4678
468
406
202
5151
3769
7824
5126
4793
4908
554
6230
2804
4867
879
5593
7749
4907
2677
2130
709
895
905
3029
1472
2165
3735
3943
6021
4055
2298
3910
1812
1638
3911
3584
7481
3299
1215
7413
5618
7651
3294
4338
1445
7181
2910
5707
4658
7111
5321
6013
6690
521
6257
2490
123
6363
4622
54
7272
7847
4767
5740
4809
4219
5014
5485
4103
325
583
5145
644
6733
414
3256
4711
6301
1147
5087
4478
6085
5370
2906
6713
7683
6753
6304
1871
6271
6281
2508
7944
6455
3189
7333
3072
7994
1352
3524
3441
1899
6844
3709
6560
3741
320
5193
1139
4921
7470
3697
3729
6149
4719
5385
2509
6985
3184
364
2352
6052
1887
6965
4610
3223
4946
5806
4683
3220
3106
7793
4192
1610
6490
6592
6143
2655
2212
5304
2781
7044
127
2002
4442
2564
2580
7543
3538
183
7387
661
1738
925
2935
5344
4279
1988
463
3891
6628
262
2583
1785
4292
3646
1045
3870
7358
4233
7558
1818
6678
5221
7082
7679
3108
357
3170
1093
1295
4717
5801
6183
5596
3753
4333
1195
5382
2292
1016
5867
5156
1566
5640
5800
214
5139
1408
1593
340
6185
6848
5955
6508
663
2161
7522
2552
42
4505
7417
445
1358
3834
4673
98
1767
5747
5355
4841
1251
5314
331
998
2220
3498
1765
4326
2502
6505
5186
4594
4536
7183
475
4150
5157
6347
1482
6035
2178
7073
5367
7120
7857
2685
2855
1680
1074
983
3582
6618
6561
5329
6069
4893
2920
5947
4614
7368
518
4644
2914
3215
7887
5771
6601
5278
654
3307
2848
1837
1416
6370
6427
2567
4669
3820
6039
1582
2403
625
6822
6175
7089
3581
3393
4278
1005
86
5678
2925
6873
5310
240
4910
1499
4186
1319
12
2702
3013
3648
7009
3276
1132
4249
5006
5870
6971
6881
353
6439
841
3461
4410
529
6416
5591
4390
4134
5574
7156
5532
2833
4863
4972
5163
4490
4060
129
7140
4679
3684
4624
1996
5213
6588
7989
3234
6797
1782
1917
7218
2057
3026
3663
5750
64
5170
3748
1330
1055
2097
7015
5595
6194
6197
6964
1740
2040
782
5230
3478
2240
846
3840
5830
5267
7200
7804
5254
992
7381
3164
3239
3811
886
4082
5862
7886
623
6533
4190
90
4232
5178
4342
3618
6227
5097
1399
7048
5358
7848
5027
5181
4422
6640
647
7127
5373
3533
91
7419
7638
7603
5426
4853
5868
6221
2024
3689
5113
5216
7556
2194
7466
1819
3890
7006
3758
1400
7951
4361
485
1337
7325
1154
1454
613
1021
3586
6751
4494
6327
1792
4733
4496
457
7243
5453
1052
6101
4302
5731
3964
6805
7644
6436
370
6857
7113
4846
4743
1705
2215
5882
4396
4555
4497
4343
1090
1469
7412
6352
6649
4674
5504
2361
3390
5737
4221
2764
1484
3954
180
6309
3314
5938
4115
5928
1124
6868
1980
6431
379
3117
7946
4439
2017
2605
6246
849
3403
2839
2392
7997
924
6872
257
3420
4412
4039
2415
7446
5468
2343
2089
5430
1596
5850
4575
4702
6295
6247
1545
2111
7953
6075
3475
3280
5264
6716
503
1071
7706
6620
980
2967
4942
6386
2290
2486
7714
2939
2725
1300
2167
4033
5772
7331
6811
206
6228
4398
429
3962
533
2897
7562
3850
2446
7199
4763
5374
4770
4182
2548
4680
274
5307