9000
628
42
8062
3644
2681
493
1450
5704
6463
6056
8453
5755
2970
813
6243
5658
8368
4300
4382
2178
7388
7969
2274
7325
2580
981
3879
7689
2449
6889
538
1026
6191
2587
8941
660
6635
8910
6538
414
7272
242
1882
6756
176
7783
2879
8928
2727
637
1892
8261
4256
1432
2658
6252
7897
1475
1267
8885
2345
5440
1168
3402
7205
509
1990
5419
6178
8646
2027
7296
4905
5725
5235
4330
3742
1394
2019
1547
545
8661
2669
6115
8423
1446
1710
4740
942
5757
6710
4310
990
7766
3700
8364
3810
565
4362
7285
3308
5705
8790
2929
7053
8811
4997
2444
118
2430
4575
8713
8535
6414
3087
3763
5294
409
7007
311
4927
4070
774
6348
2634
6960
6308
2440
6979
47
5119
8021
721
4738
7485
8786
6938
3782
8212
1826
5844
4268
1829
6573
7909
6109
6957
3752
321
4019
4220
3829
2520
3833
1306
2927
1146
434
385
7235
6531
5726
5452
6232
4381
1504
4518
6171
7068
5528
784
5231
7618
2834
2566
3467
7132
7818
1162
1032
5604
2784
1489
5359
7765
2051
547
3750
59
1984
4713
638
3770
7056
2136
3026
6545
8692
1309
4542
3220
4126
4003
4847
7523
7772
2540
3392
2924
7858
4809
1071
3604
395
8204
6019
7219
859
646
4225
2245
7064
8660
3458
1340
69
7505
8318
4238
4280
776
4326
8908
2248
4366
4879
2762
5613
5079
1420
1419
6697
3224
1241
5399
1979
5677
1992
6016
8571
4853
6506
5311
1182
4052
3535
1085
6894
2175
7989
4161
7998
8167
8235
6219
7780
4117
8214
7279
7418
8890
3336
7438
7471
1172
5522
8134
4055
874
243
5681
8561
7945
3681
1159
2265
1999
494
8667
5339
1698
7936
4171
5607
4671
4824
5539
1490
5172
3995
8030
2371
240
1066
2545
3883
8373
6534
2548
7367
4127
2903
183
5905
5843
7157
4321
28
8900
1720
2942
4200
4846
5945
5078
81
773
4438
7142
7812
7654
2107
1693
5527
5863
1542
3692
1514
3488
8044
3528
1278
4227
3513
8511
3828
8696
7948
5053
2413
7821
4347
3471
622
3443
2362
7337
6680
4128
3186
1593
87
1437
8985
1879
5649
3266
7562
7002
3243
5071
3869
7525
307
6028
5103
3727
3389
5090
6117
1936
3264
7691
2389
2468
6134
7065
6526
3754
2272
302
5957
2679
6039
6810
5839
2745
3447
7310
5891
1104
8649
6250
6199
8637
4160
30
7771
3600
781
8610
3854
7959
6947
86
4810
5350
5037
3655
770
3878
2723
7232
8564
3418
4505
2684
6628
2190
5466
7075
6949
2085
5314
2061
8875
1257
1094
1926
5937
3574
2852
919
3109
2469
352
7484
1314
63
3672
8211
2621
432
2003
5260
5659
4224
2570
6411
5418
4538
3478
5413
1080
2501
1186
6313
8048
3646
3785
1113
5417
6895
4788
5222
4232
1005
4690
5062
4202
5648
3017
5426
4900
3084
2604
219
1696
5968
966
6053
6653
3007
5164
4483
5400
1344
3905
1557
2984
6987
6854
2465
2663
5600
5388
2947
4828
7357
4599
8848
1179
7460
6849
1761
7940
3030
1923
4748
2204
1140
4550
8851
7854
6644
6646
1737
5228
6915
7533
8964
348
3913
7627
8174
6128
4770
3142
1390
3401
6238
8862
679
8795
444
550
1035
5310
7849
4401
701
8719
8523
2239
6271
2097
7240
7403
6330
2009
5565
208
7808
6965
875
6964
683
1022
7453
4125
6479
7070
5589
3897
6614
8531
4868
5970
8938
599
1653
5092
5270
5929
5346
4286
2432
2543
6570
6145
4433
5860
7241
1298
4779
6311
2642
6749
734
5223
1729
3613
954
5529
8483
4517
4649
5934
1968
6546
1184
5026
6835
171
8714
8227
1192
4857
7755
3939
3575
5202
5558
7759
455
563
5663
6832
4110
2880
3451
7968
5261
897
4178
2959
7167
1521
1467
3688
6395
4938
2622
6319
884
8006
5338
7732
5578
3360
6441
246
3875
2233
5232
7
8292
7722
1548
8370
5834
3518
5481
2133
6731
4008
4163
155
252
126
2911
4793
7892
5719
1221
1563
2528
2941
2189
8620
2218
336
7176
2135
7575
7213
4574
1393
5271
786
4119
4679
5117
5077
3563
8253
5662
1188
1610
5706
3076
8084
4024
5756
4823
5983
93
8328
7619
5363
8861
2194
7346
6213
4101
6920
7206
2063
1748
4861
1502
3074
2151
8889
2507
7416
4769
3381
8831
5960
5254
3006
542
1015
4360
3697
3718
6040
7039
2111
7885
2241
2951
8104
1526
666
2016
229
559
1402
271
3235
708
5585
8590
2937
8123
1197
4412
1287
3689
6513
7444
3543
3618
5003
3305
8433
8960
6735
5005
606
5813
5827
3725
2250
7082
1881
5377
6903
381
8432
1712
3617
5383
7990
4548
4545
4746
6970
1618
2102
5542
4636
3378
6111
1971
6825
274
7723
157
8252
8542
2428
6480
6364
1294
6321
7003
2869
3842
4130
8586
8457
8652
7838
3059
4071
1734
5106
7309
85
192
5038
6291
7425
3987
1149
4593
2577
492
4638
5021
5520
5259
2117
8690
72
4086
8665
2169
2969
8681
8009
5475
4908
5802
5256
4001
5389
989
7592
5676
4912
3175
4791
3012
6156
5309
7843
5391
8217
3724
4218
3753
120
2887
7550
1383
1998
6836
7141
992
3469
699
778
3075
7307
4036
7903
3351
860
3675
396
8656
6240
707
8546
6453
7913
7407
1981
1513
3930
3357
4597
8220
5343
6676
7040
8906
5313
4632
6139
4340
6478
3152
2325
8027
7651
6405
3893
2616
5052
4189
4012
3926
5893
6781
6750
760
6092
4664
8618
7803
7088
1385
6029
741
8534
51
1098
2143
4659
2381
7349
7015
5421
1315
8295
3831
3296
709
938
5025
1058
3241
4148
4042
131
7937
5830
6800
5221
2439
4263
8369
8230
1096
5004
2113
2082
2530
5476
2192
6460
5016
6322
923
3404
7050
4976
8122
8694
1123
182
8228
5947
6813
1076
6136
6459
7210
8614
2849
3173
3981
6430
4703
3783
7832
3226
7686
3626
1277
3859
3856
3270
8166
8298
2902
5057
2341
5151
1181
5049
6331
5424
7020
8236
4226
6286
2883
6789
2686
3578
1110
7614
2746
7570
453
4653
1247
6047
6000
2718
1800
4244
6564
5892
3464
1183
2029
6551
3244
1228
3201
1209
3732
6629
1091
5061
2536
3023
3679
6105
4295
8
2437
6899
7301
6371
5958
7120
2288
50
7646
3209
3044
1286
8978
3789
2120
4175
3295
3311
8734
436
6113
1903
3258
6552
7727
7548
3195
7211
3956
880
1847
8074
3256
2842
531
2002
96
6443
7426
1544
7371
6041
6744
5966
1959
533
217
5375
5523
1803
6445
2147
4641
2479
4047
4489
4714
1431
772
2662
7149
3493
5160
7255
7271
6404
5453
5939
7029
4668
4716
5279
7923
8383
1441
3771
4819
6329
7900
3603
827
898
3549
2398
2221
1612
3190
2074
1736
1527
4911
5125
3222
1839
7129
6159
5685
2935
7459
1232
8251
5137
4964
8438
5599
5621
1440
1088
1413
1995
4037
5403
4448
4669
267
8583
2919
2165
458
1095
5762
3773
2446
8325
5494
2820
8262
6754
5405
4284
5953
7653
5243
8408
1873
8471
6229
6140
5354
7566
8380
1426
1064
1210
2108
1449
4177
3383
1909
6773
1216
1137
2932
2496
74
7782
7354
2801
2581
3384
4795
1546
7473
2424
7222
5126
3560
305
7270
5211
5647
7491
489
7700
4139
5896
5263
3661
5645
1274
8749
910
1311
8619
2670
241
6418
4719
4678
1597
6840
6625
1036
806
7245
3990
6026
6955
8143
6412
832
2828
1844
7024
6149
1481
7665
3622
4844
725
3717
8507
8310
49
3583
962
5832
4511
7860
7047
6206
4995
3287
8509
3653
761
4856
5702
6416
4564
7647
4761
7177
4471
3111
3911
2391
7521
6183
342
2736
2928
6958
3774
244
339
1836
1196
5808
6129
651
3027
6433
3601
4385
8063
8639
251
1070
4050
4183
6809
2343
3138
247
5416
4961
2392
4372
2713
5710
8016
2279
4610
4582
2920
6822
4480
5183
7247
6642
4577
8450
7269
1659
2158
1723
614
3741
8972
1189
5303
2314
8407
398
1783
5445
8500
1738
5772
4526
4450
6721
8956
8428
7522
3799
3521
3490
7794
1927
5643
1932
1497
5301
1721
5032
1225
8273
5514
7060
4581
7114
2093
1236
8460
255
8556
7143
6292
7376
2087
5007
4914
2850
4675
7258
8982
8584
8414
5469
1175
3751
7546
785
4640
6034
6500
2697
5060
6385
2631
4683
2525
630
206
3218
1838
3068
567
6963
6228
2317
8888
5944
8356
1824
7356
178
7744
7888
2568
3227
3307
5451
6314
4077
652
615
446
961
2939
3127
2763
5561
1074
4303
1769
8650
5491
1296
5332
5691
922
4423
7326
5167
2302
3968
6757
4920
7450
1215
8933
6634
6568
3330
3723
3482
8854
4628
6755
8775
4654
5144
5295
8022
5355
3971
6974
8411
743
7379
566
6097
3459
1190
5382
8137
6830
211
6579
8275
1401
1787
6590
3388
1010
958
8580
2694
6829
8623
1030
2031
6295
2105
3164
8630
5414
894
2347
1976
8607
6230
5807
4439
5799
7762
8305
25
326
3178
3106
2532
8816
5473
5325
6600
4108
1536
4137
5218
5634
5571
1509
5609
2356
3399
5850
485
1143
5654
3674
8980
7978
8883
4753
1707
8984
8916
7411
3022
5145
8565
3419
1849
3257
6386
1555
5085
6764
1231
6623
7573
3479
681
1097
8600
739
2044
6934
7815
5082
8405
7738
986
3871
402
2918
8839
987
3537
2711
694
6320
5882
8722
5398
6302
6282
7246
4893
7666
1647
7608
4539
14
2219
154
8008
7685
1868
1578
815
1742
6483
7742
1445
3080
4634
2655
6831
4611
3944
2090
4530
8951
6885
7837
143
5268
5753
8454
2374
8601
7140
1828
2818
7214
127
2383
499
412
6837
3489
1129
5387
7915
7678
405
4277
4444
6415
102
6592
8330
950
605
719
8065
7461
456
4435
5675
4644
4056
8499
8475
2327
4337
3853
5219
7008
3744
6202
5010
1053
6914
1619
8154
3567
6114
7251
4349
4040
1969
1279
6698
1176
684
7331
8095
1305
1112
298
4192
6002
6776
841
8726
5307
2841
3435
889
8194
3460
3252
4595
4695
6852
3082
2417
4164
8549
5014
2475
2452
6277
3728
7598
4571
682
3946
1522
6550
8770
4966
1901
7778
7073
7006
7456
4915
6925
8382
8605
6775
7224
1011
6245
3415
4930
2709
1942
4775
2153
7112
4152
8833
7674
8365
2671
1379
2574
3599
6108
7162
3191
1029
5184
315
1843
2767
7895
1576
6942
4304
3114
8190
3566
4266
4173
2291
5500
5798
3432
8332
6062
3740
8349
7244
3055
112
931
2200
4365
948
6682
983
2797
3711
8208
6469
1083
5193
35
39
5292
41
8876
7005
8415
5324
3520
7730
991
1214
3214
1018
3134
6241
2971
1561
3841
6814
5155
1771
736
3163
8002
7178
2338
8902
4624
6956
6225
7983
7641
7131
3034
878
4643
4421
4684
4745
6011
796
2351
2778
6704
4261
3374
5729
6879
8015
7848
472
4157
4466
5029
2487
3052
4461
870
3185
7150
4981
4234
4818
6591
3973
2915
2529
2524
553
5695
8141
6796
7477
6888
7475
1486
541
4228
3572
928
6790
5148
3683
8503
4772
124
6262
7049
7620
871
3016
5652
1365
8462
4236
7792
8780
1185
1856
84
4816
3281
78
970
43
6969
6606
2656
4035
5161
3506
2222
4292
5593
4430
1416
4591
692
2026
8746
6338
6785
6448
5597
4182
5153
8136
2346
853
488
3610
6748
215
221
4603
7672
8357
2553
2988
4264
2653
6161
256
6447
7951
5763
6737
8763
8537
7230
6216
4352
5720
8894
275
6255
3775
3395
8912
3577
3179
8533
4798
689
4873
1939
7467
2584
4687
4709
868
62
1506
4072
8110
7602
4572
3544
837
7264
1392
7791
856
100
3569
6876
2328
2981
6851
2023
7767
1852
4073
4924
5925
5878
7595
3239
1300
48
5563
1858
613
1756
5036
2948
4744
7926
952
8666
7433
7520
6275
6130
2139
8658
5378
1359
6774
1459
180
4658
7169
2872
7585
4892
5041
3304
5199
7306
7745
3129
823
8603
6986
5380
2057
1163
4196
933
6823
4411
1690
4635
2790
528
4968
2871
4431
6936
5880
8490
7910
3684
2100
6204
7254
4972
8129
91
4252
3167
6402
5012
3848
2257
8543
2848
3894
6188
7147
5444
8348
6780
6602
8983
5006
5697
4945
3547
7045
8326
6768
3394
1203
4432
7721
4554
903
1677
2295
4874
6438
4763
4592
5842
451
3120
3630
7061
1613
4969
3524
2725
1752
104
5132
2198
846
3798
8164
7202
5098
4686
5143
1310
5740
1950
3662
8936
1733
6869
6217
5886
196
4600
5581
1204
3204
8867
4307
959
7655
5177
2601
2210
5608
7988
2247
8387
1863
840
3097
997
1786
5913
7223
8020
5067
1217
6782
4195
6388
4980
8635
809
7639
5605
6548
5637
7506
2471
1540
1845
525
8296
2283
8918
629
3393
3431
7932
2923
6662
3433
8857
1917
4940
1357
2720
1482
710
411
1667
5393
2511
7960
5678
767
4776
3735
8743
8274
1342
7604
8189
3895
3793
8814
8073
8111
2889
8937
7086
5936
2358
1520
351
3037
4728
7857
7280
517
4017
3058
3187
128
3801
7760
4058
2930
5206
4827
3267
3536
3912
578
5739
502
7198
3651
1566
4681
2987
7967
6399
1978
1774
7159
1116
3876
1574
831
5845
2757
2462
8866
4474
8249
8272
2731
7066
5562
2004
89
2320
2037
1964
4831
6619
6827
6233
3279
8399
4373
7037
4630
557
7195
6594
4426
876
1719
5284
1941
6067
8421
6424
3619
6900
2423
8086
462
6707
5865
5818
2119
7454
6004
3316
2564
254
7807
4007
698
3611
793
3923
601
4862
8403
7623
7537
5735
2360
2993
3343
5952
6357
2534
2466
1351
8116
7507
8078
1194
5191
5640
5748
8041
7731
2954
6806
5792
8439
29
2700
8654
4033
5272
8819
5362
3371
5277
5989
2005
899
3802
5924
4305
2013
3259
1282
7448
1997
7527
1429
5180
4351
3627
6672
3943
4739
6038
8756
442
4376
5785
720
1579
4923
4179
1765
4015
5291
3756
8289
2164
6878
7966
1746
159
5521
5245
6788
2938
7016
4299
5449
2298
3701
5946
6356
4917
8750
5689
552
7294
3811
1472
759
3898
6944
2965
8621
8715
3796
6953
2710
1261
4547
2538
1423
5942
7466
3668
3161
1329
5778
6674
3028
3242
340
6346
795
2535
3162
1328
2369
7199
4842
4294
3466
8593
4942
5619
2403
7635
8288
2368
4434
8061
8089
8028
5949
7800
5274
2353
906
4297
355
1935
5502
7526
6293
8177
4808
7811
3951
213
4759
1791
7668
7891
3206
2523
8374
3986
4367
1169
5982
1528
5138
2985
2739
1705
6702
2701
1077
8858
5241
2620
2560
357
5165
1507
4953
2798
7823
1165
1929
2500
4691
1599
8815
2145
4390
309
8287
4513
742
8147
3219
5266
1229
5141
6244
3063
5943
420
6605
6345
8720
6543
1635
5203
2386
7861
8695
3669
929
5471
3213
3456
8258
4583
4587
5333
3927
5897
4270
6860
4975
6008
2578
513
7277
655
3438
6363
2008
7636
1537
8785
8234
6258
623
7503
960
8727
4465
5751
7267
3500
2799
5278
3449
510
7633
8406
2861
624
4864
1670
5547
7976
5392
804
5423
5366
5464
3813
3849
8320
5806
5782
4168
4767
8613
2754
976
5493
5059
441
518
4473
600
8688
4516
4817
7825
3606
3271
595
3434
3423
941
2639
2964
7924
1202
1860
2665
4282
1105
6264
4578
6169
5379
6723
3122
5859
8608
4531
3640
8897
6909
5972
3385
1366
6542
7166
7021
3105
3656
6273
4785
1147
7670
3659
979
6608
5703
5252
4790
8536
2251
800
2882
8489
7072
2401
7152
3150
3297
6980
3043
4988
1918
4787
7062
1224
4647
205
3545
2301
7404
8085
4941
1807
1067
1494
7197
8241
8464
1893
2259
6332
1643
5641
957
6493
5831
261
6712
6251
6007
3375
2773
7997
5900
7474
2195
5935
8340
8678
6014
5186
6539
6718
8930
7381
4801
3635
3970
598
6962
5532
7796
6190
6488
2666
367
5779
8479
4866
4186
8671
5574
7984
573
2864
3834
5594
5824
7091
8638
3288
4436
2637
6510
8055
2591
6853
861
6440
7010
5308
6163
2334
8449
5477
3212
7237
6654
450
843
4677
1415
5097
2717
3522
1409
2769
6838
5224
122
8266
945
4627
37
1583
6652
5216
6473
6476
1524
3272
5305
6465
8223
8221
8099
2293
7104
3965
6930
2680
577
6343
3154
3332
6095
921
464
2650
6
6880
1444
1062
5076
3907
8899
4199
4062
2049
3707
5142
6720
2863
6945
6693
8401
6943
6686
2129
8741
7942
5083
1167
8024
1496
4458
1347
1270
1078
193
4698
2197
8379
6423
6607
6181
5198
7283
2460
8704
4494
4755
2126
1433
6498
2084
3441
8993
2788
5569
4353
40
2299
5135
705
3427
4860
5908
5253
7226
1889
6863
3301
7493
2809
1360
3614
907
7580
7118
687
454
3886
2749
4880
2319
1345
2006
3019
556
4523
3337
5070
3851
5587
7468
4093
2812
7273
8977
4085
1407
6122
6971
4375
1827
877
5269
2332
1930
1575
3251
266
7964
2750
6466
1348
1264
6871
2170
2410
6504
6593
5833
8723
7417
3586
5
2817
8572
6615
8505
2609
3837
3157
3671
3698
7974
3333
8717
3857
4609
203
386
5548
4639
3643
3629
5914
7145
7677
2688
144
8286
5997
2646
946
2014
1792
8038
7490
426
5087
5793
6919
4262
8358
3767
2776
8558
744
3667
8168
6335
1002
5980
2878
1987
788
8284
4208
3932
6576
2181
3452
5540
2916
1890
4278
5035
3292
2715
1386
6535
1325
803
4987
68
5688
7616
558
6857
6948
4009
3430
7739
911
1093
1907
6812
3062
8072
2895
8560
3346
2385
6891
7019
8959
8139
2068
4807
5928
486
467
3081
7499
1013
2220
3470
1469
1273
8418
6563
3108
5758
8975
1027
3324
5728
8493
507
2986
481
3976
8294
7449
4383
65
5234
7243
2730
5622
5993
8350
2846
3414
8759
2968
1119
6975
3820
1492
5525
4453
5395
6382
7278
1117
303
2188
7746
4144
3999
8753
8133
3673
8986
8152
8807
8779
3135
6301
2824
7437
2541
526
3231
8158
5630
1716
6655
4210
569
7122
7802
4098
5112
7181
7565
7153
4159
8802
2691
4491
8276
8312
6499
5655
3117
8304
1177
4606
642
2515
5065
2448
7842
5255
6931
4674
1797
5847
8064
7912
1841
8290
6489
7640
5857
475
4702
374
4871
8923
6519
1908
693
1153
6978
5349
6807
5341
3072
6529
6989
8179
738
2075
3839
3866
5094
2674
5054
7123
7971
8243
1660
1662
8106
5365
4205
6454
7852
5182
2286
33
5034
7518
8970
3321
6738
3715
5759
1832
8199
7696
4982
5080
4380
8467
8155
7775
1857
7970
5315
8315
4732
6133
7187
5015
1471
3328
2712
5804
2760
1801
6455
202
8662
5504
7764
5190
677
8701
7855
1523
6705
3410
540
2388
1292
1220
7362
6811
7679
338
5591
4918
968
7305
650
802
4404
7574
6333
2955
7174
1124
8517
8812
6805
7650
749
8231
2047
3115
5214
1090
5673
8809
8626
847
3413
6042
4419
7986
887
2459
893
8670
1714
1289
2488
7165
5361
8521
2521
290
2400
3961
3514
230
3934
4799
3559
751
3737
3285
6090
4778
5330
4944
2144
4281
2039
8679
2110
2832
6158
8377
8657
2623
6990
4111
2802
2476
2363
855
8385
3858
7547
7538
435
314
6708
6503
713
4154
7158
2282
6081
745
380
5530
3749
4296
2569
5742
6685
6848
4020
8416
3890
328
1972
5626
1943
2183
5323
410
5566
1000
92
3899
7793
6324
674
1135
2268
8555
423
3795
8967
383
6787
4142
5901
8303
4298
7170
3920
2835
3207
449
3194
8927
3377
6843
8730
8173
1158
5773
5848
2608
8175
5534
3529
8569
1874
5909
6299
8766
6779
5409
2306
2193
1046
4109
4998
3067
6695
6429
7605
4107
2722
8081
5479
2340
915
789
8700
8108
5009
2777
522
6372
4080
5919
5683
6792
113
6452
1323
142
6442
6310
1318
283
2101
4463
925
2743
3593
3390
4851
7380
1208
8825
3969
7399
2972
8014
3002
2408
3721
6392
3790
6696
6197
3165
6917
2791
7312
3211
7711
2956
2833
2406
6256
52
5482
7383
8868
1598
2339
568
2263
7712
1447
611
8017
7409
6817
3864
5776
220
6819
2881
4589
3776
498
3607
344
8242
2764
8031
2225
3594
2397
4384
596
5116
4935
1031
5998
2467
8496
2354
7981
1632
7789
5247
6137
6622
323
479
2600
2096
7265
7096
2583
369
6668
1025
6279
4075
248
4180
3003
8023
6121
758
2575
3949
5298
3658
2585
6896
8378
7229
2142
7725
7561
7372
7866
195
1806
2148
350
7343
5788
2782
8502
4508
8574
1896
3310
8684
5780
5777
5938
4910
3916
3822
4967
8306
5876
5722
6818
5299
7993
7414
5044
8191
136
3550
8849
2865
900
8395
107
7833
7669
94
1621
7569
1206
2112
3690
7435
3874
8929
3570
4931
2498
6630
7189
4339
8969
4124
7626
5692
3476
3444
4604
6684
1218
3350
8873
7810
839
2958
8478
8892
133
8747
4855
2226
292
1302
6665
2753
1269
4060
4951
7115
627
4092
1817
1758
6125
3040
5436
6407
7905
5973
117
3639
2876
3008
2492
5996
3554
6485
483
3198
8481
593
8761
1726
6450
1954
6922
1280
6207
34
3492
4833
4424
5459
8891
1461
3759
2278
3904
8683
6227
4672
5912
7373
7799
8054
3143
4913
2810
6055
8847
5240
8036
8435
6218
675
6037
2950
3253
6603
7276
2705
233
5225
564
8093
7446
7549
731
4068
6212
6290
3530
6572
2431
7673
4115
8442
2018
3004
836
1811
8250
408
5965
3716
7995
1510
8878
4563
7192
204
849
7323
20
461
8689
5411
3647
4514
7308
8624
5582
7067
3621
3494
6154
6604
2209
5276
3153
7263
365
1818
5427
1254
6509
4427
7886
4822
2011
2372
7052
5373
2186
2550
6588
3376
2098
6491
8291
5750
7508
7434
7212
4820
3843
5887
7671
8544
4979
7419
6940
7889
5796
5544
2405
6701
6142
6663
5570
4155
3268
3473
7859
2606
4345
474
8655
1805
5820
3660
2473
7013
8317
2772
2997
2675
924
2232
2909
2375
7395
3102
6514
592
6828
7385
3411
3532
5048
4187
7985
3548
3249
8898
2451
1389
7632
4960
1381
3719
3090
8841
4016
4765
6742
64
7634
2305
8259
3508
7130
7628
982
765
6177
6208
6003
382
5787
2370
7560
1427
4569
2390
487
4699
7370
1994
4655
4623
166
3387
1132
3781
6166
2898
2514
3345
8043
792
6381
8991
2747
881
4415
631
8146
3398
4260
2907
2001
3729
8412
7155
661
7613
4147
1219
975
2227
1404
5439
3011
7071
4955
3048
4751
1092
7600
8118
808
4622
2407
5642
8032
6224
838
8687
1605
2046
5046
1384
6102
1724
8121
4733
6375
3001
4370
4863
2411
6341
4462
5858
3546
6119
2594
6103
6921
2474
6632
6088
1322
4749
3139
1068
6713
4520
5505
6087
918
3755
3035
6205
8004
5805
1408
7531
8879
3323
4662
2896
5651
3792
8773
643
844
2980
7328
644
1155
571
6904
4875
7835
3461
7898
3042
5714
8821
1688
6050
4272
7098
2352
1587
5862
6549
5817
7386
2866
3762
3123
4553
4626
6428
1996
5588
6306
4663
364
6182
7221
2062
2395
7183
1861
8856
1980
6553
3203
8828
6120
978
6175
6512
704
4758
1271
2589
1906
543
1164
597
6446
3056
3582
77
8806
1414
5712
5495
5810
6013
8797
1654
8751
1234
3306
8525
8255
7284
1417
746
7644
8552
3286
167
2856
4506
527
5448
4950
1353
7083
5074
2698
263
4118
4680
2041
6700
7941
2588
2412
3608
7103
1816
4552
4730
7534
7078
1410
2275
8367
5819
2877
3972
317
4441
6285
5543
4580
6350
1725
7297
4848
1519
4527
8870
4114
5442
6521
6437
403
5916
7160
6651
8240
4729
766
7377
4934
179
716
2652
4095
972
5283
61
6844
7260
1750
3092
1953
7227
4242
8313
8853
3948
5707
2774
7022
6123
7918
6621
8550
437
7322
5881
3706
8609
2740
5386
3832
7790
7663
1198
3631
6994
174
181
2114
617
7360
7839
5690
649
1823
6160
7469
6141
8733
5072
279
665
3588
7656
3827
2318
1741
7117
8130
8079
8135
3445
7659
5618
7080
3699
1779
6435
7482
5603
6060
4534
2138
5340
5734
4700
3442
2632
5519
7870
56
5895
4479
6770
1815
604
2234
2906
3580
8094
3605
2624
335
5679
4135
787
6366
1024
2483
4100
920
2626
5503
1681
6547
3592
3558
1468
8520
6226
2787
8827
5157
4922
590
7517
8205
6340
500
6998
4240
5910
7953
8119
5326
2732
6089
886
6661
2364
6421
8307
1377
4743
6554
7624
7979
5653
8674
8392
7901
304
2030
4884
7033
4357
3318
7231
1703
1684
6417
6031
1564
4854
3382
7116
8789
3322
3624
8283
908
8491
4737
1799
2266
3915
4250
1230
6143
3315
1589
1272
8060
6006
1266
7972
3870
2657
2367
8034
8644
5537
8120
6326
7074
6824
2179
8150
2858
955
551
670
5538
4328
7180
8514
560
8519
4615
2768
4389
8046
7188
6300
3465
5904
8632
1102
1173
5501
953
3313
207
7001
1534
4203
8995
1603
7340
3462
4621
7057
3188
5457
5592
7805
794
6932
7398
5288
495
356
8796
3341
3498
3255
5841
7661
2072
3366
3676
2648
8486
4889
347
5487
2527
3992
3935
2551
8156
8886
6515
1934
7930
5282
1400
8668
8117
2394
6389
2213
8966
1473
2361
2562
537
7412
6612
6984
8893
162
2975
5099
3349
6982
8566
7769
1572
8069
4308
3275
6487
7657
7961
4826
4694
2365
678
8100
4408
1967
1
7828
1795
7138
3850
4312
8782
1288
3136
3403
585
2973
36
834
999
1988
1319
1531
6706
5176
6877
6946
1986
8516
2276
4319
5995
491
1668
6246
3703
1411
6976
8548
3391
5611
7215
8752
2983
6032
755
12
4420
1916
1948
820
2734
147
7018
1043
4946
1308
511
3104
1075
7374
5627
2860
1290
3938
8059
2244
7705
6910
4021
3436
2007
4652
951
5171
3680
8066
7355
463
288
3475
2494
3093
7642
3232
7465
3797
433
4333
7947
5760
8577
5289
2516
575
5147
1656
6991
3064
7568
3579
1361
1139
5461
1297
3344
7630
8075
6771
1101
5775
295
8904
6201
1601
6267
1477
3694
1924
1436
8798
3424
2297
4166
2067
2800
4618
1949
389
8213
1368
2445
1855
3406
7563
520
8919
8800
2933
7879
8760
5110
7389
2839
7035
2518
8376
1056
7512
888
6195
1549
1442
1620
8677
3778
7868
7048
3015
1622
3562
1453
4524
8846
5425
8822
4301
5812
1505
6845
8697
4079
8466
3556
6494
936
310
2689
5987
4665
3908
4437
8901
5050
8538
8182
2146
8625
1008
6745
6681
7862
8169
988
6083
724
6210
6461
2078
1809
4747
5731
4359
6072
4329
3900
3230
2427
5978
7737
2429
3933
6716
6066
640
7882
4901
1842
3664
8327
2814
3025
1788
8398
532
790
6649
8309
5620
5432
7740
8165
3804
7779
2974
5450
1133
1243
1052
7476
5042
2982
7929
7391
8781
1285
443
8437
6862
1004
8653
2803
8976
5555
523
1933
963
1161
5524
6952
616
6798
3565
8518
1195
892
4422
3428
5907
7631
6524
2238
4104
5784
8051
752
8267
2421
5583
4537
4754
5335
2217
116
6703
4459
270
2636
4323
2472
659
5329
4784
5434
7501
4786
7163
5435
3998
3144
6162
4014
5430
7819
3809
2963
4409
2149
4324
7662
1238
4773
4804
415
5357
5088
7509
7017
4559
6528
6728
1854
1591
7225
7544
6507
4567
1937
6967
1728
7907
6717
8783
6482
4605
4973
371
3005
740
7023
4237
2699
7298
5213
6272
5127
8151
6059
4291
428
594
2024
4993
1577
8488
3533
7106
7876
7031
7611
4556
8195
418
5344
2990
828
8801
7514
7824
717
4612
3817
7637
4777
7965
6541
1341
1111
1558
4391
4509
8209
1114
296
6598
7334
1884
8216
3632
7390
6636
3000
2508
4074
3838
6540
1525
5208
6575
2201
2376
1831
2831
5959
723
6337
6419
6269
3812
3326
218
3205
5470
4544
4742
7498
280
8820
2926
3517
7683
7577
7770
1047
4720
4025
5708
2109
7036
864
6432
3099
8202
602
8961
4170
8000
5002
2967
1743
4859
6317
6505
4476
5545
4561
7946
2721
6268
8297
8497
6223
1051
3481
3695
8792
6898
1920
8381
3996
2943
2922
4697
609
422
7928
2128
8736
8245
4106
5068
3758
7865
6664
3282
7704
7664
7949
8280
5166
4011
5447
998
6741
5601
8744
2174
7582
4586
810
8124
2380
5158
3576
6907
8058
4206
4215
3814
8029
714
2891
3863
4645
5489
995
5210
7431
1458
2630
8589
6808
7752
5394
5091
1590
6413
3591
947
5568
394
7801
7814
5531
1466
7586
9
4551
7209
7030
3277
4425
4254
6198
8629
3457
6239
1974
7543
308
1226
706
5990
3922
3484
4560
6094
6096
7869
6237
4216
8207
3979
6690
2436
5617
1602
3045
8952
5879
2546
5396
5550
249
478
6759
4925
2761
4876
1689
7348
916
7352
5693
5664
8477
5687
3901
8691
4217
76
5043
3963
2048
5932
300
8616
4094
8840
6583
4832
2329
6711
1866
3096
3039
7208
8787
4394
3416
5874
3294
6018
2223
4209
66
5023
6732
7786
3320
3877
1796
8447
8185
3958
6624
3950
6196
1767
5488
5081
6470
333
5636
7457
401
5926
4555
3787
4067
2038
4789
6683
8233
8484
2330
2060
4287
4478
6451
3564
8979
4565
1639
6847
6873
7347
0
1627
5797
901
3761
7291
6296
6211
7797
7486
1438
2312
1335
5051
2294
6403
6497
8384
7776
2323
1570
1851
1039
5511
6692
8033
7921
6257
3329
5869
1295
5931
3974
278
6107
3217
2184
6248
3743
7540
4023
1615
8772
1354
7179
7164
1970
186
943
1947
663
2579
1055
6235
7333
2177
3615
4970
1672
164
8769
8731
8316
8052
4625
1835
8193
4176
6928
7943
1894
5745
1495
1960
2402
2484
2377
8427
8282
4194
8096
3453
2443
1073
6924
2205
879
7051
1830
3557
168
1628
3584
8532
4971
7841
1362
5124
6842
1281
397
6511
7597
1061
555
6150
5632
7107
5128
3088
108
2224
1364
2079
4267
4293
2537
2651
7427
1212
1199
6999
672
1914
3128
250
5460
3196
7667
8557
103
549
3103
8456
4843
7703
7236
8482
4515
7196
7878
5506
7336
6763
3527
2644
8850
3685
1747
7148
7228
7652
5984
3642
2755
5771
6950
6640
3873
287
8090
2152
1174
8087
8331
2979
236
8592
6923
2054
6993
2043
1330
1367
6558
4852
260
5579
7186
7262
4288
8470
8422
2645
4219
6394
7922
4496
6916
1658
2838
3845
6656
2121
4398
2633
6400
8597
2270
1435
1009
7502
8563
1126
3352
8794
2502
3687
4405
8829
1735
334
3166
680
8443
586
8859
2673
641
2231
7044
1326
7735
1778
539
4290
6278
506
3496
7410
8238
1763
327
8647
1020
2056
106
8881
3525
6082
2116
4803
819
8047
5885
5031
702
3906
2504
7375
7146
2182
8277
7304
3784
1609
1872
1454
7128
8333
6458
7893
3233
4211
4099
3709
2415
7728
8172
5134
6926
1840
227
2477
3497
6520
4407
6305
3957
830
2966
239
1900
4354
8200
8737
4584
2106
6457
6358
1821
6585
1695
8352
2661
4493
5248
5039
2884
6918
7339
8911
439
7590
7713
1136
3731
7481
2127
2055
508
5246
1646
1781
4660
1834
8132
5207
6536
8222
2682
858
2522
6740
610
6626
3872
2945
2303
8114
4721
2333
2228
956
6054
6309
8793
7999
866
148
2917
2033
2837
4120
5095
6336
8049
1038
1237
4239
1700
6670
2576
1057
2949
621
4416
375
6472
5951
1356
8278
3657
5923
7101
5319
3726
5840
7472
5584
6569
6147
5821
6912
2173
4906
4153
2607
2897
3553
8958
1019
8321
1666
8675
2742
5217
4909
7977
7718
1239
5635
27
79
8077
330
1749
6762
4711
306
2426
6679
8573
1484
1499
2311
3083
4867
6714
5238
4342
2076
8588
2590
8040
8218
1853
5560
5838
6209
3573
2123
967
438
1944
775
7266
293
7555
3079
2273
4038
7925
3446
1687
544
4325
8386
2454
1586
258
5809
4371
6677
3168
3169
6793
3060
3181
2936
1904
618
5463
8461
6797
985
6307
4685
7287
6557
8990
1931
5013
3091
8823
8957
3516
5209
4696
5371
835
1611
1346
5412
3193
6753
1349
3455
7758
825
6167
4806
8673
4045
4757
3474
5250
6609
882
1430
7479
6760
3937
7557
7511
1991
6850
7629
6456
6566
4983
748
3125
2349
5249
6249
965
829
2643
7338
3623
343
5718
5108
3736
1100
3036
2399
8735
2258
1501
44
4331
1263
2348
4637
4169
1382
1265
2904
7715
7076
19
2567
4503
6795
914
3794
312
4764
5625
1191
7714
7027
6352
5513
6126
8852
3704
3041
6691
4259
4134
1397
6068
6347
5791
5852
8716
7069
8419
3132
3293
1503
4792
3745
7369
284
4984
2794
7933
2115
3228
1652
2815
1596
2573
7578
1089
8954
6645
4201
2132
8140
4850
7806
3712
8102
362
5364
1730
5723
3988
5888
697
2447
4273
1107
1200
5577
2261
6730
7300
5237
6334
1331
1753
3358
1079
2672
2962
1770
5468
5877
3355
1877
4102
6420
5954
6927
4705
4616
8903
3116
8480
7777
2059
3263
8458
6380
1551
82
8882
7753
7487
8115
4451
2163
5727
8651
177
2240
286
1370
3151
4904
4717
7111
6069
574
8341
445
8474
8444
6859
1913
3448
2683
4858
8973
8994
8595
3531
5794
8808
4802
1993
245
8176
1491
4519
932
1665
7904
6464
8076
3155
4245
3359
404
3645
2843
3641
8279
38
7536
2089
7413
3265
2271
7293
3836
8183
3571
6373
7443
7430
4129
8968
3468
8045
2510
6902
1760
2185
8617
5883
5861
5204
7955
452
3602
7914
5977
5415
3862
8098
1313
7927
7436
2028
4482
1940
3038
2547
4840
4049
4974
3245
8926
6116
3947
3356
3840
6091
727
7217
3555
6449
4145
6786
5828
1084
8506
5478
7137
6344
6675
5670
7295
4500
3634
345
5175
6231
6858
8693
6099
2378
8498
1500
390
5312
111
1303
2441
1624
4957
1369
5856
8515
5911
8070
7344
8949
3262
2555
8913
129
5699
6968
7881
3347
8680
2899
6794
700
235
1406
4921
1028
4488
7588
7697
7335
7009
7185
2344
185
8329
4454
6164
1804
7400
2154
3409
7530
4414
4485
4044
5196
8974
4985
8742
1625
3648
3552
5754
3280
482
2733
4344
7609
6881
657
5262
4361
1336
7496
8293
1671
1802
1865
4248
115
1888
2913
4734
1680
7952
4030
7121
3691
5541
3485
8837
3024
8642
2433
7124
7452
366
5508
6179
4084
769
1745
5969
1156
7795
6391
1629
4978
4388
5976
5114
1585
8342
8308
6815
4750
8777
1157
3290
4029
4247
5801
70
83
7125
816
1782
5075
5187
2237
1355
337
4377
2593
703
5275
8721
8346
4710
2141
8007
5572
1398
8347
7935
417
8362
603
5815
6719
4701
6200
6110
1109
1003
4549
1316
8745
7748
272
1641
1973
7513
1037
2704
7314
2099
6736
7982
6689
5903
8101
349
833
5233
1595
579
7827
2420
1644
5194
8591
8947
8738
6100
3865
4167
4065
8181
7558
8206
1921
4813
8845
5749
2264
1740
8830
8012
1709
5580
4650
6283
7781
18
7572
6280
4838
5715
4251
8998
6667
407
656
4869
2592
5623
160
4097
7156
6778
2064
7109
5321
6527
3511
1235
6074
2382
5472
865
6886
1820
1571
7341
5721
4355
7950
7168
5215
4472
8226
3921
686
7991
5783
2300
4322
3338
55
139
54
4379
5595
8247
4782
2758
3589
5598
1674
3171
4026
1304
4417
4490
4089
4835
4670
8351
5327
4335
3597
8925
3365
3300
353
5474
3051
895
4233
7402
519
2737
718
5401
648
3149
5557
817
8446
3936
1878
1455
5586
4213
4661
6739
329
3361
5518
5816
6215
8645
2667
1637
7539
5173
5229
8997
5328
3821
1565
1470
224
201
8473
3071
4455
4898
8664
3538
5239
2905
6084
368
6187
4059
6972
8019
67
5666
6085
5854
5028
1317
8718
5093
5465
7625
3722
5629
4402
6517
534
1250
6184
5994
6596
8153
1869
2497
529
576
3747
8436
480
1871
2991
2976
8425
8067
1945
226
515
3955
4051
1448
4274
8057
7447
6462
7504
4112
6312
8068
6562
4933
2156
1512
2840
4452
2779
3928
6359
6076
2481
22
2168
5242
969
1321
301
3769
7134
388
5045
471
212
6995
1170
1242
1819
1041
6861
3223
4726
7079
1862
3032
4594
6559
2792
6523
8244
7249
7675
4413
2326
3370
1376
4255
1952
3189
2077
1460
7401
7615
5408
2134
5290
4018
4184
6383
626
1550
6080
5696
4028
1897
4207
5197
2309
2414
6752
3967
370
1694
7734
4410
7154
6168
7182
3199
5407
6983
3098
1899
2565
3867
8805
4707
163
5741
6578
2010
5961
6148
7554
5030
477
5265
1248
7692
5001
673
4821
5633
8732
5871
4541
5431
2687
5064
4812
6327
259
1706
7763
2438
3696
7094
927
7144
6185
6287
8335
4558
2996
8011
4446
7421
1291
587
4676
7676
1925
253
653
5733
1640
5367
6362
3925
6339
5462
4041
2836
2017
3124
3587
6767
8463
3595
1757
8159
3429
1560
2012
6913
1713
7274
8215
6633
1604
2859
3009
5316
7532
4800
1529
5170
1007
2254
7489
1299
7645
8360
763
2893
7757
4781
2324
4657
3101
7324
1600
273
7621
8944
8388
1584
6328
3426
6872
2470
3733
1678
3110
2296
6477
5979
8324
5510
2050
1777
2998
320
8345
797
7724
4440
5356
8880
505
1498
430
5533
1395
377
7830
5606
4528
6401
6408
2463
5131
11
1434
2091
2829
1160
6325
5096
3825
4276
1989
4631
3094
4285
2649
6658
4629
5318
5140
1552
31
8337
8884
7316
5884
3806
8417
5986
6214
8950
2104
7709
6908
2157
6063
3918
7175
7958
2478
7099
8192
7684
5485
2088
4907
6070
2729
7257
5694
161
6222
1775
5040
6988
3386
8314
5086
7660
8570
2685
7393
210
6929
6316
2668
3818
7368
993
6906
6589
1732
8989
3997
3919
2081
3197
7938
4350
5509
2131
2255
5490
490
1388
503
891
1650
639
5811
8627
8409
6725
3940
7424
7406
1850
1016
5397
4965
2617
4083
2921
6870
4579
7350
3738
2485
6036
8148
7462
2155
4039
6052
1626
783
5280
1374
3985
926
2000
3078
5686
7693
1044
3372
5507
3991
3013
6005
3779
7785
501
8448
4943
1387
7871
3902
2994
3628
4666
7701
4343
3881
6555
32
5109
4613
6398
1594
2870
2890
2404
5300
3100
6966
1955
3130
7423
146
7288
4512
4883
3066
3339
5826
7161
109
1049
3693
6439
5384
3638
2
2596
6174
4723
6035
7102
1683
7093
297
3221
8765
5033
2659
4576
5227
2894
4447
3417
2806
8180
2602
530
2066
1251
6490
4566
8896
4877
2243
6132
6193
7612
4952
3070
2853
6758
7256
8056
6687
5716
669
1006
4521
2766
5496
6001
7710
937
6508
6294
667
5614
6393
6595
6996
5020
5181
322
7110
8338
4460
8939
1488
440
6868
7899
8302
8420
6533
2336
912
4989
8188
5433
1201
3348
1059
188
2453
191
8707
101
379
8844
812
8107
7847
1846
4525
4311
2285
1810
4837
8553
6639
572
8105
5456
8400
134
5121
1543
2738
7439
7405
711
6186
3379
8430
2092
1425
4113
2597
6729
7034
6883
6799
7126
3541
8669
6997
3501
3868
2957
3156
2582
6131
4507
1532
3061
7090
4374
1919
2212
2751
1358
2512
7516
1608
8953
4562
6657
6260
3
1372
8198
228
1634
8641
24
6146
5674
1631
231
535
7302
1669
5480
4048
2808
172
6444
3777
223
3910
6144
8112
1456
6746
6939
5220
209
8874
4338
6118
1063
1922
7906
190
1814
8508
6468
7831
2229
4642
5264
2571
3421
289
3830
2851
1166
145
6518
6242
4602
2435
4105
200
6532
4706
5890
1715
425
3160
7694
6369
7442
504
2813
2868
6409
3327
3540
1462
8145
6709
1021
7463
3291
8582
4762
7747
1256
4834
4392
6474
1617
1977
6045
1144
7706
1128
7751
4131
6079
5446
949
1108
4231
1755
8390
1312
5017
7788
2781
8254
6826
7768
8476
4212
4991
1252
5497
5672
4768
6288
6289
3483
4096
238
7320
5991
140
8594
8905
5567
2482
2695
7495
762
2847
1764
6650
2786
6765
779
2464
6353
2292
8547
7011
3609
4031
6025
3914
4815
1483
8393
3952
4066
1284
7896
4484
7754
3234
6884
7804
4470
4497
5454
4895
4932
6867
7884
4585
1283
285
4899
7939
6176
7524
1127
5304
392
2728
7622
7564
4230
1131
4004
7695
3020
3463
4302
6846
1905
3229
4165
7025
1539
2277
7087
6901
7345
2287
58
46
1559
7687
7576
8869
17
10
1515
8196
3172
3708
3146
3303
3542
7483
4601
8225
4881
4948
2756
2211
391
5347
2015
8339
3962
8567
7535
1692
3184
6801
8945
6015
5790
1421
7100
5120
3363
6165
8053
4849
7908
1452
5889
1776
3585
8788
2735
2025
1887
8914
5873
4445
175
5000
5732
3147
5872
4271
8492
8171
3844
8924
8527
5483
5551
8648
7319
2692
2260
8524
5955
6298
3846
5596
984
3133
6525
7058
6051
7286
4457
5115
1739
5011
1982
460
2058
7681
7911
3422
2934
332
3046
1428
459
2489
1773
516
1120
7203
6157
318
448
2875
2795
2789
3237
7579
8366
1545
26
5631
7317
7190
5610
3260
1573
7836
7743
1928
6616
2724
4902
6425
6304
7890
269
6882
6259
1648
1145
5743
633
3210
3176
7649
2770
6522
2418
913
6410
2335
1180
5443
3368
7315
4346
7773
1789
5118
2638
4043
6192
7041
7387
4735
7682
8864
7432
2216
2989
8127
8703
8578
2253
5922
4076
6376
8248
156
4257
3454
6342
2999
8931
7233
8487
8602
3215
8740
5156
4836
97
890
4136
2914
6436
123
1673
4689
5236
5287
7708
3225
3397
753
8431
361
842
4771
1636
1141
5822
6073
4588
3177
3757
373
4929
8943
7234
1375
1424
6152
4143
4903
2845
7054
8131
5814
7658
8184
5992
4363
3354
5352
8855
821
4722
3816
3534
5201
1533
5169
8836
8987
3807
8144
3274
1439
2977
6384
6009
7361
2284
4393
5174
6772
7816
4814
4000
2086
2960
974
3720
5657
7032
2556
939
8125
6368
1582
8178
105
7919
1276
8818
4841
2908
5744
8631
2053
5846
3633
7902
3512
8109
6323
2167
1457
8485
8915
8804
2235
3086
5159
6597
6203
2615
8791
5422
7127
1961
4510
468
8634
7894
4573
6733
8083
8739
2322
6049
5836
2434
7798
6374
6189
4395
722
3472
3278
8026
676
2910
2052
8705
6496
4467
857
2716
3077
6804
7867
6071
3917
8219
153
6354
165
7607
1244
6361
930
4027
554
3983
4442
2176
3772
6669
8860
3502
5351
7698
1676
3710
5163
431
8001
8336
5105
2823
8917
6874
5768
8239
5767
3325
234
771
1337
5188
7581
4151
5286
8971
4557
6253
3495
580
7494
1118
3931
1633
4283
4477
2490
696
8834
6236
5486
4598
4418
8942
1580
1833
1130
2953
780
1121
6694
8981
5747
277
8676
8568
7139
2765
3439
6180
591
4708
1418
6571
8686
3945
2822
5738
5564
331
8157
2741
4314
3891
393
4939
5517
2628
7394
7201
6582
1910
4002
5964
5730
3682
546
6959
4122
5803
1876
3309
8528
2719
1679
1891
3765
4715
8817
2539
8799
3170
1211
1686
1813
807
6747
4468
4229
3208
5122
4774
4486
4005
71
5113
5420
4158
119
2331
4064
354
3312
1253
4223
4885
691
1711
3808
863
2256
5027
2313
5515
6865
1691
1702
5152
7726
1396
8410
1463
4399
1885
7194
1704
1233
2780
3964
712
1258
130
4246
2549
2214
8361
4865
2664
8237
141
4428
1327
917
7218
387
5766
2513
7756
3670
8940
7014
2614
1895
3112
313
2748
3236
4348
23
4540
2290
7441
3289
2032
6077
2595
7834
2825
262
8300
8754
7975
3018
282
934
8764
7378
2605
3892
589
3896
3238
3182
7529
7085
8082
1808
1222
5353
2495
3941
2796
869
6093
5089
3888
4081
5559
7541
3791
1623
5999
137
5800
2396
4760
3519
6641
5146
8126
4172
6030
1766
7497
747
1259
2355
2199
8877
75
4188
5385
2215
5737
469
6834
3959
5660
3982
8562
619
8113
6135
608
1142
4890
8922
2315
7242
8698
4368
5866
8281
2558
427
7761
685
2208
7259
121
4796
2036
4619
225
8452
6221
7733
1822
2854
8640
2442
3598
6427
1859
1148
1371
8469
6318
7351
2202
5917
1699
3119
6194
6631
3033
1516
7026
4499
4682
3174
3823
1403
5369
2130
5849
8685
2207
6577
4132
7515
3666
1511
6618
4149
7000
1301
1320
5906
3561
2992
1675
197
4882
2387
8709
2654
6495
6981
5671
4475
6617
110
2619
8513
6261
2246
5428
5123
6784
7077
7594
6098
1883
1293
1255
5178
7553
216
3889
8776
1701
2862
1014
8554
7542
3335
3803
5073
6044
3331
4243
7874
384
728
7193
6270
406
5899
3353
581
4725
7239
3924
4896
2886
5628
2557
2804
3420
3885
4794
2042
8768
5336
7332
7119
4805
4731
8142
8887
5055
6058
5526
636
726
6581
7741
8729
3450
8201
80
5438
8551
5056
5680
13
7184
7299
1825
4607
7887
6046
5940
8946
8301
6481
4032
2456
3405
5130
4994
7784
4138
3625
1378
2160
1178
6866
791
7095
2366
4839
4
4990
4369
4034
2912
729
2613
6387
3568
4522
60
6726
862
2874
3835
5981
854
8468
1464
8319
1651
3254
1567
3342
5047
7415
6911
4958
5492
7736
8163
4501
2505
7750
1115
3665
2337
2236
7729
2137
6124
1399
5348
4986
2310
5281
3050
2830
6048
2357
7719
5069
6075
45
1588
8871
7962
1422
8512
1352
5063
4752
3714
2677
8712
756
6933
690
7583
1655
4214
1122
2708
3299
3499
6803
7873
1607
416
4535
4235
1966
6802
5111
1134
7643
8404
6033
7396
3283
8270
3298
3954
5258
4190
1307
4673
1538
4222
777
5616
5441
6841
1205
5656
8988
8510
2627
457
1338
8037
8495
6020
4397
2480
6155
1754
1154
3882
512
2140
6864
1581
6351
8441
4258
299
7916
4570
5974
1042
7603
5390
1785
3966
8353
7392
3815
4313
3819
4845
4006
497
2752
5498
7253
3113
170
1480
8920
885
7606
5698
2598
3010
5941
2249
3367
4358
688
5320
5700
1249
6078
3273
1040
2073
8575
7957
3800
6315
4651
1768
7133
8355
4121
1138
3054
3400
8659
6890
4825
3408
5342
8232
3766
1476
8838
2641
607
5765
6734
7042
5902
7601
7451
5638
194
6599
4320
7151
2203
5644
6620
3942
3975
5985
7055
378
6431
3137
7105
7063
3760
8728
2166
8909
6475
6977
3509
1246
7038
4727
8963
5709
1223
4872
184
3141
7617
5406
3678
5554
8999
7303
4332
7996
4336
8429
8372
4992
1518
514
2419
647
7829
3180
421
2425
8710
3861
620
4811
4959
2901
1054
7552
4396
6688
2867
5590
6722
1965
3480
316
2242
8771
5553
5701
2506
5624
2519
16
5162
3855
7464
4916
1642
5971
6265
3486
4087
7856
5546
3407
1213
7559
8934
7648
5101
4010
5898
3505
3140
8813
8391
6426
1350
1373
4429
2450
6266
3047
7330
5257
135
7470
5602
2844
8050
5825
5374
1391
1324
5273
6699
222
3590
1962
1886
8865
730
2544
8872
199
7717
5975
6892
2269
3705
4386
2458
4936
5230
5484
8018
4197
8426
662
1048
1485
8559
7591
4766
189
8465
5437
4327
4316
2690
3526
2703
5107
7846
4054
7478
6065
4797
2771
1334
4648
822
8774
1616
2304
7826
5713
4103
2946
7252
4403
4704
1045
7289
3596
5244
671
562
1793
2707
570
8080
3284
4204
7822
5331
3396
6647
5018
5133
1451
7863
5851
419
1193
5867
7917
8344
2307
1465
152
2888
3107
2457
5195
2900
2499
3065
1065
7638
4289
6893
6365
1722
21
5139
470
4309
2554
8596
4656
4487
799
5467
3158
4529
6724
6660
1443
6556
6584
994
3929
3089
2561
150
7963
6973
138
1790
5549
169
8895
7191
8757
6875
4596
1915
5100
8149
2611
1751
2022
5024
6397
902
3984
3663
4221
1606
2172
7113
5022
7422
5665
3121
8424
2696
7173
8389
1530
7716
3057
7204
8643
8598
524
6254
4315
6112
5650
2618
6064
521
6367
1759
7136
98
447
8354
5894
2021
1487
3491
4736
8397
4741
2805
1985
8197
7353
5189
7097
214
5575
732
3247
1663
8842
4133
2020
583
7420
4928
5855
5930
5988
5933
612
8755
6961
6777
1875
7311
645
8501
6022
801
4253
7327
909
3118
2827
1880
4318
2599
7587
6106
3276
1727
8256
2281
3248
4469
8702
7359
2660
5129
5404
6586
257
8010
8622
88
4692
1082
3824
1508
1151
3437
6887
6220
4053
2159
737
750
1614
3131
281
5084
8459
8445
6751
7973
7397
883
5102
1493
4456
1911
2308
1106
8003
654
3677
8472
1033
4949
7699
7545
1794
3362
6905
1958
2045
5376
7980
6173
3069
4078
291
4241
3748
3487
6985
8394
2706
2785
264
6587
3686
5661
7571
6378
4956
6816
3334
3269
1412
768
8663
6017
3880
6057
8265
1556
1125
6484
2517
824
2759
8522
6897
3425
4013
658
4378
187
5752
5781
6839
5205
634
2455
496
2961
5786
7488
4495
5337
4334
2122
6561
1717
6537
1333
429
7872
8955
3085
8311
695
1060
1553
8025
2635
8359
8264
2816
6127
1103
8260
5267
4193
8576
2612
4999
8706
7589
5345
904
4140
5302
4756
6467
944
4963
7853
4608
5639
3650
1275
1012
360
4504
6637
764
3380
5008
1867
1780
4464
3317
7329
4533
3364
1957
1023
1001
7702
6502
2572
8636
3764
2826
1152
6855
6303
4887
5535
1380
15
7292
8402
1268
7089
6678
6560
8633
1837
2625
3145
3503
3909
1034
8162
1262
4022
7282
5285
7135
3515
6766
8540
7321
7840
8504
8530
4150
2944
6992
2373
3953
5179
8699
5150
1697
4954
4198
319
1562
1171
5358
7081
5410
3250
2995
3314
7610
4688
7429
8263
3319
4341
8907
814
4947
1541
6396
7220
6671
8832
2118
8762
7584
4185
8810
3652
7875
896
5104
5948
6104
6673
851
8611
8612
2542
1963
2821
5746
4886
7749
5837
3014
2493
3649
325
3240
2267
1017
7313
7809
132
7820
1975
3216
3551
73
6769
848
4063
2811
8035
6821
8334
2857
1718
5200
7250
1708
7934
5429
5317
7365
5612
8615
8434
1240
1772
3989
1649
1207
8599
7458
6659
8203
3053
4387
4061
8186
5552
2034
7275
8396
4492
2559
811
2416
1661
2069
7519
3980
536
1956
6743
4937
5360
7108
2892
8128
2855
7850
4532
826
5915
1227
5185
867
3636
3373
7556
5736
8996
6024
3504
7492
5956
2461
6390
5646
3369
971
3049
7455
4364
8363
5770
4783
2393
476
6856
4568
2161
8268
2125
8725
2359
8455
399
6234
2035
7028
4306
3805
8724
8778
8042
7342
1245
173
635
57
1630
6941
6263
1870
7043
2640
465
1798
2342
4279
198
6012
4712
8088
8285
6086
8160
8210
8708
8863
8271
1363
8161
6138
8526
8013
4926
1731
1554
424
2316
7994
5368
232
7883
8992
2196
7987
7440
4693
359
8965
5667
466
7596
5962
2714
1762
6434
3202
1260
4996
4162
6580
8091
8672
6574
53
1657
2885
8581
3786
8092
6627
625
5192
7690
6276
940
7931
6355
7172
2080
1864
7216
8604
8323
4633
358
7688
6613
2978
4082
6247
3860
4888
2422
845
413
8529
7207
7318
584
2070
5927
8039
1339
5669
2586
5920
3126
8682
6935
1072
4088
2162
2486
4191
7268
4265
5853
6530
3637
6611
6101
5334
5870
8767
4406
7171
6349
8097
8440
2603
4498
964
7944
8494
3620
8257
7480
2350
2095
5168
3073
1912
8269
8606
852
5950
2230
4536
5372
3826
90
6565
5868
2071
1405
4443
2925
2065
8343
4724
7787
7445
4620
1568
1478
265
8921
4069
5458
3612
1744
6727
7366
341
4091
7408
7382
8071
3510
3978
7920
5154
1086
8826
5789
3159
4546
7877
3200
3654
873
5682
4897
4449
6043
6422
3031
8587
5864
3616
5963
5402
6820
1902
5370
4919
6761
3903
2726
4718
2040
8451
2094
2531
2533
2379
376
8375
6648
99
2819
3581
1150
2289
1682
7528
6783
2280
3523
5306
1848
2252
935
1474
4667
4780
4977
5226
4870
996
735
3887
7248
7500
5576
4481
6010
8545
2103
4269
7599
6643
7774
6638
6151
850
3340
2952
5381
2526
7845
5322
8005
8170
114
3261
8784
8803
2491
3246
5251
3507
5297
4829
1898
668
6021
8824
5536
7281
561
8246
8371
1343
2678
1951
6937
2793
2676
8103
473
8138
1517
2940
7012
4123
6492
2807
2647
7059
5296
7200
6471
237
3412
3183
5516
8224
6027
8299
4057
3539
2783
1479
7364
7510
3960
1645
5764
2321
1983
3702
2931
7358
158
1946
798
4502
5823
6284
2775
5795
8579
980
582
6370
3192
3477
1050
6666
4962
6610
782
6486
3734
7817
548
5058
2563
400
5573
3993
5724
5149
3852
1592
5921
4249
8932
3029
8962
346
268
4891
5668
4614
7046
1087
1569
8948
7813
8628
5918
6170
151
5711
7567
125
4116
4894
2610
1938
5829
1535
7880
7851
484
8748
6715
7428
149
3095
4090
1784
6281
5556
8413
8935
6791
5212
4174
3148
4146
3768
5615
2150
2262
2409
6406
6833
2180
294
7092
905
3788
7238
8835
5293
7992
3730
3847
6516
4878
4141
3746
3977
973
2124
2873
3780
3994
4543
588
7720
6360
733
757
276
6954
1081
6061
2509
4275
4830
2384
7707
6951
632
5717
8539
372
324
5769
2191
2693
1638
1187
6379
7384
7956
7954
363
6567
5967
7004
2171
1812
977
5066
5774
8585
3021
6544
4156
2744
8229
7844
8843
4617
754
7864
7593
2083
1685
8541
3884
8711
5019
7551
715
6501
2702
8322
7084
805
2552
4590
3440
7290
5684
6297
5499
1069
5455
6153
4646
5835
6023
95
8758
4400
3302
1332
5136
5875
6172
5761
5512
7261
6274
6377
1099
664
3739
2503
8187
4317
872
2187
7363
6601
2206
4181
2629
4046
3713
7680
818
4356
1664